stations [10,11,12,13,14,15,16,17,18,19,20,21,22,23,24,25,26,27,28,29,30,31,32,33,34,35,36,37,38,39,40,41,42,43,44,45,46,47,48,49,50,51,52,53,54,55,56,57,58,59,60,61,62,63]

stationPosition [-0.06 -0.06 0, -0.06 0.34 0, -0.06 0.71 0, -0.06 1.11 0, -0.06 1.51 0, -0.06 1.91 0,
				0.94 -0.06 0, 0.94 0.32 0, 0.94 0.72 0, 0.94 1.12 0, 0.94 1.52 0, 0.94 1.92 0,
				-1.06 -0.06 0, -1.06 0.32 0, -1.06 0.71 0, -1.06 1.11 0, -1.06 1.51 0, -1.06 1.91 0,
				1.95 -0.06 0, 1.95 0.32 0, 1.95 0.71 0, 1.95 1.11 0, 1.95 1.51 0, 1.95 1.91 0,
				-2.07 -0.06 0, -2.07 0.32 0, -2.07 0.71 0, -2.07 1.12 0, -2.07 1.52 0, -2.07 1.92 0,
				-2.43 0.33 0.09, -2.43 0.72 0.09, -2.43 1.12 0.09, -2.43 1.52 0.09, -2.43 1.92 0.09, -2.43 -0.05 0.09,
				2.95 -0.06 0, 2.95 0.32 0, 2.95 0.71 0, 2.95 1.11 0, 2.95 1.51 0, 2.95 1.91 0,
				-2.43 -0.06 0.85, -2.43 0.32 0.85, -2.43 0.72 0.85, -2.43 1.12 0.85, -2.43 1.52 0.85, -2.43 1.92 0.85,
				-2.43 -0.06 1.49, -2.43 0.32 1.49, -2.43 0.72 1.49, -2.43 1.12 1.49, -2.43 1.52 1.49, -2.43 1.92 1.49]
				
stationOrientation [1 0 0 0, 1 0 0 0, 1 0 0 0, 1 0 0 0, 1 0 0 0, 1 0 0 0,
					1 0 0 0, 1 0 0 0, 1 0 0 0, 1 0 0 0, 1 0 0 0, 1 0 0 0,
					1 0 0 0, 1 0 0 0, 1 0 0 0, 1 0 0 0, 1 0 0 0, 1 0 0 0,
					1 0 0 0, 1 0 0 0, 1 0 0 0, 1 0 0 0, 1 0 0 0, 1 0 0 0,
					1 0 0 0, 1 0 0 0, 1 0 0 0, 1 0 0 0, 1 0 0 0, 1 0 0 0,
					0 1 0 1.5708, 0 1 0 1.5708, 0 1 0 1.5708, 0 1 0 1.5708, 0 1 0 1.5708, 0 1 0 1.5708,
					1 0 0 0, 1 0 0 0, 1 0 0 0, 1 0 0 0, 1 0 0 0, 1 0 0 0,
					0 1 0 1.5708, 0 1 0 1.5708, 0 1 0 1.5708, 0 1 0 1.5708, 0 1 0 1.5708, 0 1 0 1.5708,
					0 1 0 1.5708, 0 1 0 1.5708, 0 1 0 1.5708, 0 1 0 1.5708, 0 1 0 1.5708, 0 1 0 1.5708]

timeOut	5
