#AU13 - Cheek Puffer
0	1	-0.001601	0.011142	-0.064615
1	1	-0.013524	0.008139	-0.078074
2	1	-0.029660	0.009874	-0.096026
3	1	-0.042426	0.015950	-0.109515
4	1	-0.060553	0.050755	-0.121652
5	1	-0.001452	0.011315	-0.064610
6	1	-0.017255	0.008233	-0.078207
7	1	-0.052931	0.006783	-0.109889
8	1	-0.045260	0.015102	-0.109616
9	1	-0.061922	0.050073	-0.121700
10	1	-0.013262	0.009451	-0.073720
11	1	-0.023869	0.010487	-0.087131
12	1	-0.039641	0.023122	-0.100979
13	1	-0.061269	0.054049	-0.119631
14	1	-0.016961	0.052619	-0.025982
15	1	-0.029511	0.054606	-0.049898
16	1	-0.033530	0.059805	-0.061775
17	1	-0.044687	0.072651	-0.085641
18	1	-0.026231	0.051121	-0.038047
19	1	-0.025956	0.056013	-0.049771
20	1	-0.041030	0.061007	-0.073776
21	1	-0.053091	0.066216	-0.096310
22	1	-0.024936	0.050824	-0.038001
23	1	-0.043966	0.055414	-0.073881
24	1	-0.048209	0.062858	-0.085766
25	1	-0.052998	0.072067	-0.097671
26	1	-0.059709	0.079924	-0.109644
27	1	-0.002152	0.053432	-0.013721
28	1	-0.031530	0.074922	-0.044505
29	1	-0.028926	0.089478	-0.049648
30	1	-0.044243	0.098545	-0.073662
31	1	-0.047522	0.106873	-0.088504
32	1	-0.077300	0.092219	-0.133739
33	1	-0.006760	0.011853	-0.064799
34	1	-0.008715	0.011784	-0.064869
35	1	-0.009648	0.011725	-0.064902
36	1	-0.013571	0.048367	-0.012763
37	1	-0.012725	0.048420	-0.012733
38	1	-0.012739	0.053875	-0.014098
39	1	-0.011919	0.053924	-0.014069
40	2	-0.011289	0.013518	-0.064960
41	2	-0.005614	0.014589	-0.078941
42	2	-0.001647	0.020919	-0.097710
43	2	0.000784	0.028474	-0.111805
44	2	0.006286	0.061598	-0.124565
45	2	-0.015179	0.014178	-0.065099
46	2	-0.006531	0.012990	-0.078973
47	2	0.009397	0.015213	-0.111498
48	2	0.000979	0.025265	-0.111799
49	2	0.006437	0.059677	-0.124560
50	2	-0.010628	0.012877	-0.074392
51	2	-0.008609	0.016732	-0.088503
52	2	-0.001906	0.030822	-0.102901
53	2	0.006196	0.063102	-0.122432
54	2	-0.016650	0.055597	-0.026647
55	2	-0.011282	0.060303	-0.051276
56	2	-0.010873	0.066779	-0.063672
57	2	-0.007484	0.081534	-0.088371
58	2	-0.009153	0.055234	-0.038790
59	2	-0.013232	0.063815	-0.051346
60	2	-0.005550	0.070403	-0.075892
61	2	0.001663	0.077025	-0.099091
62	2	-0.008037	0.055704	-0.038751
63	2	0.000076	0.065855	-0.075692
64	2	-0.000250	0.074720	-0.088114
65	2	0.000401	0.084165	-0.100500
66	2	0.002833	0.091776	-0.112824
67	2	-0.021455	0.058249	-0.014409
68	2	0.010065	0.087271	-0.045944
69	2	0.008646	0.105242	-0.051628
70	2	0.015877	0.115514	-0.076190
71	2	0.008930	0.122016	-0.091685
72	2	0.010613	0.100967	-0.137367
73	3	-0.002416	-0.001690	0.004368
74	3	-0.002416	-0.001690	0.004368
75	3	-0.002416	-0.001690	0.004368
76	3	-0.002416	-0.001690	0.004368
77	3	-0.002416	-0.001690	0.004368
78	3	-0.003901	-0.003211	0.005303
79	3	0.003817	-0.005971	0.005932
80	3	0.003934	-0.003201	0.005359
81	3	-0.006214	0.000218	0.000237
82	3	-0.006214	0.000218	0.000237
83	3	0.006321	0.000232	0.000327
84	3	0.006321	0.000232	0.000327
85	3	-0.040762	0.011398	-0.015245
86	3	-0.019570	-0.010712	-0.017744
87	3	0.001623	-0.032822	-0.020243
88	3	0.021606	-0.010664	-0.017448
89	3	0.041590	0.011493	-0.014654
90	3	-0.040762	0.011398	-0.015245
91	3	-0.019570	-0.010712	-0.017744
92	3	0.001623	-0.032822	-0.020243
93	3	0.021606	-0.010664	-0.017448
94	3	0.041590	0.011493	-0.014654
95	3	-0.019570	-0.010712	-0.017744
96	3	-0.019570	-0.010712	-0.017744
97	3	0.001623	-0.032822	-0.020243
98	3	0.021606	-0.010664	-0.017448
99	3	0.021606	-0.010664	-0.017448
100	4	0.003817	-0.005971	0.005932
101	4	-0.003621	-0.001983	0.006142
102	4	-0.012835	-0.008081	0.004796
103	4	0.028357	-0.022062	0.002188
104	4	-0.007099	-0.006952	0.006709
105	4	-0.007099	-0.006952	0.006709
106	4	0.002860	0.005654	0.012326
107	4	-0.005010	0.006176	0.008406
108	4	0.012903	-0.009507	0.004692
109	4	0.034539	-0.027084	0.001187
110	4	0.028357	-0.022062	0.002188
111	4	0.034539	-0.027084	0.001187
112	4	0.013102	-0.005673	0.005740
113	4	0.004640	0.012323	0.009923
114	4	-0.005010	0.006176	0.008406
115	4	-0.002416	-0.001690	0.004368
116	4	0.005317	-0.004353	0.005816
117	4	0.019928	-0.015718	0.003502
118	4	0.028695	-0.022537	0.002113
119	4	0.034539	-0.027084	0.001187
120	4	0.025569	-0.015262	0.003808
121	4	0.013609	0.000501	0.007302
122	4	0.004640	0.012323	0.009923
123	4	-0.005099	0.020233	0.014101
124	4	-0.005099	0.020233	0.014101
125	4	-0.005099	0.020233	0.014101
126	4	-0.005099	0.020233	0.014101
127	4	-0.005099	0.020233	0.014101
128	4	0.001450	-0.003022	0.005092
129	4	-0.000304	-0.001349	0.007384
130	4	-0.005099	0.020233	0.014101
131	4	-0.005099	0.020233	0.014101
132	4	-0.019358	0.070569	0.004216
133	4	-0.019358	0.070569	0.004216
134	4	0.003817	-0.005971	0.005932
135	5	0.003817	-0.005971	0.005932
136	5	0.003631	-0.001974	0.006194
137	5	-0.007759	-0.008075	0.004832
138	5	-0.026743	-0.018244	0.002563
139	5	-0.013627	-0.006960	0.006662
140	5	-0.013627	-0.006960	0.006662
141	5	-0.003085	0.005647	0.012283
142	5	0.004968	0.006188	0.008477
143	5	-0.007759	-0.008075	0.004832
144	5	-0.034336	-0.022311	0.001656
145	5	-0.026743	-0.018244	0.002563
146	5	-0.034336	-0.022311	0.001656
147	5	-0.021336	-0.003287	0.005974
148	5	-0.008336	0.015737	0.010293
149	5	0.004968	0.006188	0.008477
150	5	-0.002416	-0.001690	0.004368
151	5	-0.005999	-0.001923	0.006092
152	5	-0.020168	-0.012117	0.003874
153	5	-0.028669	-0.018233	0.002543
154	5	-0.034336	-0.022311	0.001656
155	5	-0.026536	-0.010897	0.004247
156	5	-0.016136	0.004323	0.007702
157	5	-0.008336	0.015737	0.010293
158	5	0.000709	0.023655	0.014501
159	5	0.000709	0.023655	0.014501
160	5	0.000709	0.023655	0.014501
161	5	0.000709	0.023655	0.014501
162	5	0.000709	0.023655	0.014501
163	5	-0.004208	-0.001806	0.005230
164	5	-0.000429	0.000849	0.007651
165	5	0.000709	0.023655	0.014501
166	5	0.000709	0.023655	0.014501
167	5	0.010143	0.068797	0.003975
168	5	0.010143	0.068797	0.003975
169	6	0.000000	0.000000	0.000000
170	6	0.000000	0.000000	0.000000
171	6	0.000000	0.000000	0.000000
172	6	0.000000	0.000000	0.000000
173	6	0.000000	0.000000	0.000000
174	6	0.000000	0.000000	0.000000
175	6	0.000000	0.000000	0.000000
176	6	0.000000	0.000000	0.000000
177	6	0.000000	0.000000	0.000000
178	6	0.000000	0.000000	0.000000
179	6	0.000000	0.000000	0.000000
180	6	0.000000	0.000000	0.000000
181	6	0.000000	0.000000	0.000000
182	6	0.000000	0.000000	0.000000
183	6	0.000000	0.000000	0.000000
184	6	0.000000	0.000000	0.000000
185	6	0.000000	0.000000	0.000000
186	6	0.000000	0.000000	0.000000
187	6	0.000000	0.000000	0.000000
188	6	0.000000	0.000000	0.000000
189	6	0.000000	0.000000	0.000000
190	6	0.000000	0.000000	0.000000
191	6	0.000000	0.000000	0.000000
192	7	0.000000	0.000000	0.000000
193	7	0.000000	0.000000	0.000000
194	7	0.000000	0.000000	0.000000
195	7	0.000000	0.000000	0.000000
196	7	0.000000	0.000000	0.000000
197	7	0.000000	0.000000	0.000000
198	7	0.000000	0.000000	0.000000
199	7	0.000000	0.000000	0.000000
200	7	0.000000	0.000000	0.000000
201	7	0.000000	0.000000	0.000000
202	7	0.000000	0.000000	0.000000
203	7	0.000000	0.000000	0.000000
204	7	0.000000	0.000000	0.000000
205	7	0.000000	0.000000	0.000000
206	7	0.000000	0.000000	0.000000
207	7	0.000000	0.000000	0.000000
208	7	0.000000	0.000000	0.000000
209	7	0.000000	0.000000	0.000000
210	7	0.000000	0.000000	0.000000
211	7	0.000000	0.000000	0.000000
212	7	0.000000	0.000000	0.000000
213	8	0.000000	0.000000	0.000000
214	8	0.000000	0.000000	0.000000
215	8	0.000000	0.000000	0.000000
216	8	0.000000	0.000000	0.000000
217	8	0.000000	0.000000	0.000000
218	8	0.000000	0.000000	0.000000
219	8	0.000000	0.000000	0.000000
220	8	0.000000	0.000000	0.000000
221	8	0.000000	0.000000	0.000000
222	8	0.000000	0.000000	0.000000
223	8	0.000000	0.000000	0.000000
224	8	0.000000	0.000000	0.000000
225	8	0.000000	0.000000	0.000000
226	8	0.000000	0.000000	0.000000
227	8	0.000000	0.000000	0.000000
228	8	0.000000	0.000000	0.000000
229	8	0.000000	0.000000	0.000000
230	8	0.000000	0.000000	0.000000
231	9	0.000000	0.000000	0.000000
232	9	0.000000	0.000000	0.000000
233	9	0.000000	0.000000	0.000000
234	9	0.000000	0.000000	0.000000
235	9	0.000000	0.000000	0.000000
236	9	0.000000	0.000000	0.000000
237	9	0.000000	0.000000	0.000000
238	9	0.000000	0.000000	0.000000
239	9	0.000000	0.000000	0.000000
240	9	0.000000	0.000000	0.000000
241	9	0.000000	0.000000	0.000000
242	9	0.000000	0.000000	0.000000
243	9	0.000000	0.000000	0.000000
244	9	0.000000	0.000000	0.000000
245	9	0.000000	0.000000	0.000000
246	10	-0.003901	-0.003211	0.005303
247	10	-0.006214	0.000218	0.000237
248	10	-0.038374	0.057770	0.021347
249	10	-0.038374	0.057770	0.021347
250	10	-0.038374	0.057770	0.021347
251	10	-0.054161	0.123179	0.047186
252	10	-0.054161	0.123179	0.047186
253	10	-0.072405	0.091227	0.031339
254	10	-0.046514	0.023307	-0.008932
255	10	-0.069521	0.070940	0.016320
256	10	-0.083653	0.069204	0.004507
257	10	-0.104773	0.087128	-0.025757
258	10	-0.072405	0.091227	0.031339
259	10	-0.082517	0.110014	0.039395
260	10	-0.102378	0.132802	0.027447
261	10	-0.102378	0.132802	0.027447
262	11	0.003934	-0.003201	0.005359
263	11	0.006321	0.000232	0.000327
264	11	0.038455	0.057859	0.021898
265	11	0.038455	0.057859	0.021898
266	11	0.038455	0.057859	0.021898
267	11	0.053817	0.123303	0.047961
268	11	0.053817	0.123303	0.047961
269	11	0.072771	0.091395	0.032382
270	11	0.047298	0.023415	-0.008258
271	11	0.070132	0.071102	0.017323
272	11	0.084660	0.069399	0.005716
273	11	0.106378	0.087372	-0.024241
274	11	0.072771	0.091395	0.032382
275	11	0.082854	0.110205	0.040582
276	11	0.103057	0.133039	0.028922
277	11	0.103057	0.133039	0.028922
278	12	-0.030993	-0.004477	-0.063679
279	12	-0.039909	-0.005453	-0.067761
280	12	-0.068317	-0.009281	-0.092607
281	12	-0.095919	0.002095	-0.105620
282	12	-0.095919	0.002095	-0.105620
283	12	-0.095919	0.002095	-0.105620
284	12	-0.061752	0.066271	-0.115916
285	12	-0.061136	0.059866	-0.113015
286	12	-0.080030	0.089345	-0.133837
287	12	-0.098462	0.069943	-0.134494
288	12	-0.079517	0.100595	-0.112490
289	12	-0.006204	0.071013	-0.005234
290	12	-0.053149	0.093137	-0.042806
291	12	-0.029819	0.156167	-0.061226
292	12	-0.076886	0.115818	-0.103686
293	12	-0.112287	0.055390	-0.134986
294	12	-0.002569	-0.010484	-0.042521
295	12	-0.011919	0.053924	-0.014069
296	13	0.013295	-0.004104	-0.063649
297	13	0.019141	-0.004956	-0.067722
298	13	0.034541	-0.008416	-0.092539
299	13	0.051706	0.003337	-0.105522
300	13	0.051706	0.003337	-0.105522
301	13	0.051706	0.003337	-0.105522
302	13	0.008587	0.072512	-0.119211
303	13	0.009796	0.066023	-0.116130
304	13	0.013127	0.098129	-0.137277
305	13	0.028930	0.080288	-0.136714
306	13	0.025800	0.108123	-0.115072
307	13	-0.006204	0.071013	-0.005234
308	13	0.049204	0.093255	-0.042071
309	13	0.039167	0.150622	-0.063005
310	13	0.048047	0.116760	-0.105260
311	13	0.042702	0.064740	-0.136223
312	14	0.000000	0.000000	0.000000
313	14	0.000000	0.000000	0.000000
314	14	0.024934	0.026247	0.000889
315	14	0.000000	0.000000	0.000000
316	14	0.000000	0.000000	0.000000
317	14	0.000000	0.000000	0.000000
318	14	0.000000	0.000000	0.000000
319	14	0.000000	0.000000	0.000000
320	14	0.000000	0.000000	0.000000
321	14	0.000000	0.000000	0.000000
322	14	0.000000	0.000000	0.000000
323	14	0.000000	0.000000	0.000000
324	14	0.000000	0.000000	0.000000
325	14	0.000000	0.000000	0.000000
326	14	0.000000	0.000000	0.000000
327	15	0.000000	0.000000	0.000000
328	15	0.000000	0.000000	0.000000
329	15	-0.019324	0.021816	-0.000689
330	15	0.000000	0.000000	0.000000
331	15	0.000000	0.000000	0.000000
332	15	0.000000	0.000000	0.000000
333	15	0.000000	0.000000	0.000000
334	15	0.000000	0.000000	0.000000
335	15	0.000000	0.000000	0.000000
336	15	0.000000	0.000000	0.000000
337	15	0.000000	0.000000	0.000000
338	15	0.000000	0.000000	0.000000
339	15	0.000000	0.000000	0.000000
340	16	0.000000	0.000000	0.000000
341	16	0.000000	0.000000	0.000000
342	16	0.000000	0.000000	0.000000
343	16	0.000000	0.000000	0.000000
344	16	0.000000	0.000000	0.000000
345	16	0.000000	0.000000	0.000000
346	16	0.000000	0.000000	0.000000
347	16	0.000000	0.000000	0.000000
348	16	0.000000	0.000000	0.000000
349	16	0.000000	0.000000	0.000000
350	16	0.000000	0.000000	0.000000
351	16	0.000000	0.000000	0.000000
352	16	0.000000	0.000000	0.000000
353	16	0.000000	0.000000	0.000000
354	16	0.000000	0.000000	0.000000
355	16	0.000000	0.000000	0.000000
356	16	0.000000	0.000000	0.000000
357	17	0.000000	0.000000	0.000000
358	17	0.000000	0.000000	0.000000
359	17	0.000000	0.000000	0.000000
360	17	0.000000	0.000000	0.000000
361	17	0.000000	0.000000	0.000000
362	17	0.000000	0.000000	0.000000
363	17	0.000000	0.000000	0.000000
364	17	0.000000	0.000000	0.000000
365	17	0.000000	0.000000	0.000000
366	17	0.000000	0.000000	0.000000
367	17	0.000000	0.000000	0.000000
368	17	0.000000	0.000000	0.000000
369	17	0.000000	0.000000	0.000000
370	17	0.000000	0.000000	0.000000
371	18	0.000000	0.000000	0.000000
372	18	0.000000	0.000000	0.000000
373	18	0.000000	0.000000	0.000000
374	18	0.000000	0.000000	0.000000
375	18	0.000000	0.000000	0.000000
376	18	0.000000	0.000000	0.000000
377	18	0.000000	0.000000	0.000000
378	18	0.000000	0.000000	0.000000
379	18	0.000000	0.000000	0.000000
380	18	0.000000	0.000000	0.000000
381	18	0.000000	0.000000	0.000000
382	18	0.000000	0.000000	0.000000
383	18	0.000000	0.000000	0.000000
384	18	0.000000	0.000000	0.000000
385	18	0.000000	0.000000	0.000000
386	18	0.000000	0.000000	0.000000
387	18	0.000000	0.000000	0.000000
388	18	0.000000	0.000000	0.000000
389	18	0.000000	0.000000	0.000000
390	18	0.000000	0.000000	0.000000
391	19	0.000000	0.000000	0.000000
392	19	0.000000	0.000000	0.000000
393	19	0.000000	0.000000	0.000000
394	19	0.000000	0.000000	0.000000
395	19	0.000000	0.000000	0.000000
396	19	0.000000	0.000000	0.000000
397	19	0.000000	0.000000	0.000000
398	19	0.000000	0.000000	0.000000
399	19	0.000000	0.000000	0.000000
400	19	0.000000	0.000000	0.000000
401	19	0.000000	0.000000	0.000000
402	19	0.000000	0.000000	0.000000
403	19	0.000000	0.000000	0.000000
404	19	0.000000	0.000000	0.000000
405	19	0.000000	0.000000	0.000000
406	19	0.000000	0.000000	0.000000
407	19	0.000000	0.000000	0.000000
408	19	0.000000	0.000000	0.000000
409	20	0.000000	0.000000	0.000000
410	20	0.000000	0.000000	0.000000
411	20	0.000000	0.000000	0.000000
412	20	0.000000	0.000000	0.000000
413	20	0.000000	0.000000	0.000000
414	20	0.000000	0.000000	0.000000
415	20	0.000000	0.000000	0.000000
416	20	0.000000	0.000000	0.000000
417	20	0.000000	0.000000	0.000000
418	20	0.000000	0.000000	0.000000
419	20	0.000000	0.000000	0.000000
420	20	0.000000	0.000000	0.000000
421	20	0.000000	0.000000	0.000000
422	20	0.000000	0.000000	0.000000
423	20	0.000000	0.000000	0.000000
424	20	0.000000	0.000000	0.000000
425	20	0.000000	0.000000	0.000000
426	20	0.000000	0.000000	0.000000
427	20	0.000000	0.000000	0.000000
428	20	0.000000	0.000000	0.000000
429	20	0.000000	0.000000	0.000000
430	20	0.000000	0.000000	0.000000
431	20	0.000000	0.000000	0.000000
432	20	0.000000	0.000000	0.000000
433	20	0.000000	0.000000	0.000000
434	21	0.000000	0.000000	0.000000
435	21	0.000000	0.000000	0.000000
436	21	0.000000	0.000000	0.000000
437	21	0.000000	0.000000	0.000000
438	21	0.000000	0.000000	0.000000
439	21	0.000000	0.000000	0.000000
440	21	0.000000	0.000000	0.000000
441	21	0.000000	0.000000	0.000000
442	21	0.000000	0.000000	0.000000
443	21	0.000000	0.000000	0.000000
444	21	0.000000	0.000000	0.000000
445	21	0.000000	0.000000	0.000000
446	21	0.000000	0.000000	0.000000
447	21	0.000000	0.000000	0.000000
448	21	0.000000	0.000000	0.000000
449	21	0.000000	0.000000	0.000000
450	21	0.000000	0.000000	0.000000
451	21	0.000000	0.000000	0.000000
452	21	0.000000	0.000000	0.000000
453	21	0.000000	0.000000	0.000000
454	21	0.000000	0.000000	0.000000
455	21	0.000000	0.000000	0.000000
456	21	0.000000	0.000000	0.000000
457	21	0.000000	0.000000	0.000000
458	21	0.000000	0.000000	0.000000
459	22	0.000000	0.000000	0.000000
460	22	0.000000	0.000000	0.000000
461	22	0.000000	0.000000	0.000000
462	22	0.000000	0.000000	0.000000
463	22	0.000000	0.000000	0.000000
464	22	0.000000	0.000000	0.000000
465	22	0.000000	0.000000	0.000000
466	22	0.000000	0.000000	0.000000
467	22	0.000000	0.000000	0.000000
468	22	0.000000	0.000000	0.000000
469	22	0.000000	0.000000	0.000000
470	22	0.000000	0.000000	0.000000
471	22	0.000000	0.000000	0.000000
472	22	0.000000	0.000000	0.000000
473	22	0.000000	0.000000	0.000000
474	22	0.000000	0.000000	0.000000
475	22	0.000000	0.000000	0.000000
476	22	0.000000	0.000000	0.000000
477	22	0.000000	0.000000	0.000000
478	22	0.000000	0.000000	0.000000
479	22	0.000000	0.000000	0.000000
480	22	0.000000	0.000000	0.000000
481	22	0.000000	0.000000	0.000000
482	22	0.000000	0.000000	0.000000
483	22	0.000000	0.000000	0.000000
484	22	0.000000	0.000000	0.000000
485	22	0.000000	0.000000	0.000000
486	22	0.000000	0.000000	0.000000
487	22	0.000000	0.000000	0.000000
488	22	0.000000	0.000000	0.000000
489	22	0.000000	0.000000	0.000000
490	22	0.000000	0.000000	0.000000
491	22	0.000000	0.000000	0.000000
492	22	0.000000	0.000000	0.000000
493	22	0.000000	0.000000	0.000000
494	22	0.000000	0.000000	0.000000
495	22	0.000000	0.000000	0.000000
496	22	0.000000	0.000000	0.000000
497	22	0.000000	0.000000	0.000000
498	22	0.000000	0.000000	0.000000
499	22	0.000000	0.000000	0.000000
500	22	0.000000	0.000000	0.000000
501	23	0.000000	0.000000	0.000000
502	23	0.000000	0.000000	0.000000
503	23	0.000000	0.000000	0.000000
504	23	0.000000	0.000000	0.000000
505	23	0.000000	0.000000	0.000000
506	23	0.000000	0.000000	0.000000
507	23	0.000000	0.000000	0.000000
508	23	0.000000	0.000000	0.000000
509	23	0.000000	0.000000	0.000000
510	23	0.000000	0.000000	0.000000
511	23	0.000000	0.000000	0.000000
512	23	0.000000	0.000000	0.000000
513	23	0.000000	0.000000	0.000000
514	23	0.000000	0.000000	0.000000
515	23	0.000000	0.000000	0.000000
516	23	0.000000	0.000000	0.000000
517	23	0.000000	0.000000	0.000000
518	23	0.000000	0.000000	0.000000
519	23	0.000000	0.000000	0.000000
520	23	0.000000	0.000000	0.000000
521	23	0.000000	0.000000	0.000000
522	23	0.000000	0.000000	0.000000
523	23	0.000000	0.000000	0.000000
524	23	0.000000	0.000000	0.000000
525	23	0.000000	0.000000	0.000000
526	23	0.000000	0.000000	0.000000
527	23	0.000000	0.000000	0.000000
528	23	0.000000	0.000000	0.000000
529	23	0.000000	0.000000	0.000000
530	23	0.000000	0.000000	0.000000
531	23	0.000000	0.000000	0.000000
532	23	0.000000	0.000000	0.000000
533	23	0.000000	0.000000	0.000000
534	23	0.000000	0.000000	0.000000
535	23	0.000000	0.000000	0.000000
536	23	0.000000	0.000000	0.000000
537	23	0.000000	0.000000	0.000000
538	23	0.000000	0.000000	0.000000
539	23	0.000000	0.000000	0.000000
540	23	0.000000	0.000000	0.000000
541	23	0.000000	0.000000	0.000000
542	23	0.000000	0.000000	0.000000
543	25	0.000000	0.000000	0.000000
544	25	0.000000	0.000000	0.000000
545	25	0.000000	0.000000	0.000000
546	25	0.000000	0.000000	0.000000
547	25	0.000000	0.000000	0.000000
548	25	0.000000	0.000000	0.000000
549	25	0.000000	0.000000	0.000000
550	25	0.000000	0.000000	0.000000
551	25	0.000000	0.000000	0.000000
552	25	0.000000	0.000000	0.000000
553	25	0.000000	0.000000	0.000000
554	25	0.000000	0.000000	0.000000
555	25	0.000000	0.000000	0.000000
556	25	0.000000	0.000000	0.000000
557	25	0.000000	0.000000	0.000000
558	25	0.000000	0.000000	0.000000
559	25	0.000000	0.000000	0.000000
560	25	0.000000	0.000000	0.000000
561	25	0.000000	0.000000	0.000000
562	25	0.000000	0.000000	0.000000
563	25	0.000000	0.000000	0.000000
564	25	0.000000	0.000000	0.000000
565	25	0.000000	0.000000	0.000000
566	25	0.000000	0.000000	0.000000
567	25	0.000000	0.000000	0.000000
568	25	0.000000	0.000000	0.000000
569	25	0.000000	0.000000	0.000000
570	25	0.000000	0.000000	0.000000
571	25	0.000000	0.000000	0.000000
572	25	0.000000	0.000000	0.000000
573	25	0.000000	0.000000	0.000000
574	25	0.000000	0.000000	0.000000
575	25	0.000000	0.000000	0.000000
576	25	0.000000	0.000000	0.000000
577	25	0.000000	0.000000	0.000000
578	25	0.000000	0.000000	0.000000
579	25	0.000000	0.000000	0.000000
580	25	0.000000	0.000000	0.000000
581	25	0.000000	0.000000	0.000000
582	25	0.000000	0.000000	0.000000
583	25	0.000000	0.000000	0.000000
584	25	0.000000	0.000000	0.000000
585	25	0.000000	0.000000	0.000000
586	25	0.000000	0.000000	0.000000
587	25	0.000000	0.000000	0.000000
588	25	0.000000	0.000000	0.000000
589	25	0.000000	0.000000	0.000000
590	25	0.000000	0.000000	0.000000
591	25	0.000000	0.000000	0.000000
592	25	0.000000	0.000000	0.000000
593	25	0.000000	0.000000	0.000000
594	25	0.000000	0.000000	0.000000
595	25	0.000000	0.000000	0.000000
596	25	0.000000	0.000000	0.000000
597	25	0.000000	0.000000	0.000000
598	25	0.000000	0.000000	0.000000
599	25	0.000000	0.000000	0.000000
600	25	0.000000	0.000000	0.000000
601	25	0.000000	0.000000	0.000000
602	25	0.000000	0.000000	0.000000
603	25	0.000000	0.000000	0.000000
604	25	0.000000	0.000000	0.000000
605	25	0.000000	0.000000	0.000000
606	25	0.000000	0.000000	0.000000
607	25	0.000000	0.000000	0.000000
608	25	0.000000	0.000000	0.000000
609	25	0.000000	0.000000	0.000000
610	25	0.000000	0.000000	0.000000
611	25	0.000000	0.000000	0.000000
612	25	0.000000	0.000000	0.000000
613	25	0.000000	0.000000	0.000000
614	25	0.000000	0.000000	0.000000
615	25	0.000000	0.000000	0.000000
616	25	0.000000	0.000000	0.000000
617	25	0.000000	0.000000	0.000000
618	25	0.000000	0.000000	0.000000
619	25	0.000000	0.000000	0.000000
620	25	0.000000	0.000000	0.000000
621	25	0.000000	0.000000	0.000000
622	25	0.000000	0.000000	0.000000
623	25	0.000000	0.000000	0.000000
624	25	0.000000	0.000000	0.000000
625	25	0.000000	0.000000	0.000000
626	25	0.000000	0.000000	0.000000
627	25	0.000000	0.000000	0.000000
628	25	0.000000	0.000000	0.000000
629	25	0.000000	0.000000	0.000000
630	25	0.000000	0.000000	0.000000
631	25	0.000000	0.000000	0.000000
632	25	0.000000	0.000000	0.000000
633	25	0.000000	0.000000	0.000000
634	25	0.000000	0.000000	0.000000
635	25	0.000000	0.000000	0.000000
636	25	0.000000	0.000000	0.000000
637	25	0.000000	0.000000	0.000000
638	25	0.000000	0.000000	0.000000
639	25	0.000000	0.000000	0.000000
640	25	0.000000	0.000000	0.000000
641	25	0.000000	0.000000	0.000000
642	25	0.000000	0.000000	0.000000
643	25	0.000000	0.000000	0.000000
644	25	0.000000	0.000000	0.000000
645	25	0.000000	0.000000	0.000000
646	25	0.000000	0.000000	0.000000
647	25	0.000000	0.000000	0.000000
648	25	0.000000	0.000000	0.000000
649	25	0.000000	0.000000	0.000000
650	25	0.000000	0.000000	0.000000
651	25	0.000000	0.000000	0.000000
652	25	0.000000	0.000000	0.000000
653	25	0.000000	0.000000	0.000000
654	25	0.000000	0.000000	0.000000
655	25	0.000000	0.000000	0.000000
656	25	0.000000	0.000000	0.000000
657	25	0.000000	0.000000	0.000000
658	25	0.000000	0.000000	0.000000
659	25	0.000000	0.000000	0.000000
660	25	0.000000	0.000000	0.000000
661	25	0.000000	0.000000	0.000000
662	25	0.000000	0.000000	0.000000
663	25	0.000000	0.000000	0.000000
664	25	0.000000	0.000000	0.000000
665	25	0.000000	0.000000	0.000000
666	25	0.000000	0.000000	0.000000
667	25	0.000000	0.000000	0.000000
668	25	0.000000	0.000000	0.000000
669	25	0.000000	0.000000	0.000000
670	25	0.000000	0.000000	0.000000
671	25	0.000000	0.000000	0.000000
672	25	0.000000	0.000000	0.000000
673	25	0.000000	0.000000	0.000000
674	26	0.000000	0.000000	0.000000
675	26	0.000000	0.000000	0.000000
676	26	0.000000	0.000000	0.000000
677	26	0.000000	0.000000	0.000000
678	26	0.000000	0.000000	0.000000
679	26	0.000000	0.000000	0.000000
680	26	0.000000	0.000000	0.000000
681	26	0.000000	0.000000	0.000000
682	26	0.000000	0.000000	0.000000
683	26	0.000000	0.000000	0.000000
684	26	0.000000	0.000000	0.000000
685	26	0.000000	0.000000	0.000000
686	26	0.000000	0.000000	0.000000
687	26	0.000000	0.000000	0.000000
688	26	0.000000	0.000000	0.000000
689	26	0.000000	0.000000	0.000000
690	26	0.000000	0.000000	0.000000
691	26	0.000000	0.000000	0.000000
692	26	0.000000	0.000000	0.000000
693	26	0.000000	0.000000	0.000000
694	26	0.000000	0.000000	0.000000
695	26	0.000000	0.000000	0.000000
696	26	0.000000	0.000000	0.000000
697	26	0.000000	0.000000	0.000000
698	26	0.000000	0.000000	0.000000
699	26	0.000000	0.000000	0.000000
700	26	0.000000	0.000000	0.000000
701	26	0.000000	0.000000	0.000000
702	26	0.000000	0.000000	0.000000
703	26	0.000000	0.000000	0.000000
704	26	0.000000	0.000000	0.000000
705	26	0.000000	0.000000	0.000000
706	26	0.000000	0.000000	0.000000
707	26	0.000000	0.000000	0.000000
708	26	0.000000	0.000000	0.000000
709	26	0.000000	0.000000	0.000000
710	26	0.000000	0.000000	0.000000
711	26	0.000000	0.000000	0.000000
712	26	0.000000	0.000000	0.000000
713	26	0.000000	0.000000	0.000000
714	26	0.000000	0.000000	0.000000
715	26	0.000000	0.000000	0.000000
716	26	0.000000	0.000000	0.000000
717	26	0.000000	0.000000	0.000000
718	26	0.000000	0.000000	0.000000
719	26	0.000000	0.000000	0.000000
720	26	0.000000	0.000000	0.000000
721	26	0.000000	0.000000	0.000000
722	26	0.000000	0.000000	0.000000
723	26	0.000000	0.000000	0.000000
724	26	0.000000	0.000000	0.000000
725	26	0.000000	0.000000	0.000000
726	26	0.000000	0.000000	0.000000
727	26	0.000000	0.000000	0.000000
728	26	0.000000	0.000000	0.000000
729	26	0.000000	0.000000	0.000000
730	26	0.000000	0.000000	0.000000
731	26	0.000000	0.000000	0.000000
732	26	0.000000	0.000000	0.000000
733	26	0.000000	0.000000	0.000000
734	26	0.000000	0.000000	0.000000
735	26	0.000000	0.000000	0.000000
736	26	0.000000	0.000000	0.000000
737	26	0.000000	0.000000	0.000000
738	26	0.000000	0.000000	0.000000
739	26	0.000000	0.000000	0.000000
740	26	0.000000	0.000000	0.000000
741	26	0.000000	0.000000	0.000000
742	26	0.000000	0.000000	0.000000
743	26	0.000000	0.000000	0.000000
744	26	0.000000	0.000000	0.000000
745	26	0.000000	0.000000	0.000000
746	26	0.000000	0.000000	0.000000
747	26	0.000000	0.000000	0.000000
748	26	0.000000	0.000000	0.000000
749	26	0.000000	0.000000	0.000000
750	26	0.000000	0.000000	0.000000
751	26	0.000000	0.000000	0.000000
752	26	0.000000	0.000000	0.000000
753	26	0.000000	0.000000	0.000000
754	26	0.000000	0.000000	0.000000
755	26	0.000000	0.000000	0.000000
756	26	0.000000	0.000000	0.000000
757	26	0.000000	0.000000	0.000000
758	26	0.000000	0.000000	0.000000
759	26	0.000000	0.000000	0.000000
760	26	0.000000	0.000000	0.000000
761	26	0.000000	0.000000	0.000000
762	26	0.000000	0.000000	0.000000
763	26	0.000000	0.000000	0.000000
764	26	0.000000	0.000000	0.000000
765	26	0.000000	0.000000	0.000000
766	26	0.000000	0.000000	0.000000
767	26	0.000000	0.000000	0.000000
768	26	0.000000	0.000000	0.000000
769	26	0.000000	0.000000	0.000000
770	26	0.000000	0.000000	0.000000
771	26	0.000000	0.000000	0.000000
772	26	0.000000	0.000000	0.000000
773	26	0.000000	0.000000	0.000000
774	26	0.000000	0.000000	0.000000
775	26	0.000000	0.000000	0.000000
776	26	0.000000	0.000000	0.000000
777	26	0.000000	0.000000	0.000000
778	26	0.000000	0.000000	0.000000
779	26	0.000000	0.000000	0.000000
780	26	0.000000	0.000000	0.000000
781	26	0.000000	0.000000	0.000000
782	26	0.000000	0.000000	0.000000
783	26	0.000000	0.000000	0.000000
784	26	0.000000	0.000000	0.000000
785	26	0.000000	0.000000	0.000000
786	26	0.000000	0.000000	0.000000
