#AU22 - Lip Funneler
0	1	0.008454	0.147499	0.130093
1	1	0.005226	0.102861	0.125157
2	1	0.000924	0.043343	0.118574
3	1	-0.002303	-0.001296	0.113638
4	1	0.054589	-0.009794	0.114957
5	1	0.008454	0.147499	0.130093
6	1	0.005226	0.102861	0.125157
7	1	-0.002303	-0.001296	0.113638
8	1	-0.002303	-0.001296	0.113638
9	1	0.054589	-0.009794	0.114957
10	1	0.006302	0.117740	0.126802
11	1	0.003075	0.073102	0.121865
12	1	0.023681	0.039943	0.119102
13	1	0.067044	0.003386	0.116866
14	1	-0.002969	-0.211159	-0.037274
15	1	0.022465	-0.168300	-0.003151
16	1	0.035181	-0.146870	0.013910
17	1	0.060615	-0.104010	0.048032
18	1	0.009748	-0.189729	-0.020213
19	1	0.022465	-0.168300	-0.003151
20	1	0.047898	-0.125440	0.030971
21	1	0.074900	-0.059322	0.070527
22	1	0.009748	-0.189729	-0.020213
23	1	0.047898	-0.125440	0.030971
24	1	0.060615	-0.104010	0.048032
25	1	0.073332	-0.082581	0.065093
26	1	0.086048	-0.061151	0.082154
27	1	-0.015686	-0.232589	-0.054335
28	1	0.018670	-0.159351	0.002779
29	1	0.027676	-0.142533	0.012649
30	1	0.053110	-0.099673	0.046772
31	1	0.067703	-0.079328	0.064148
32	1	0.111482	-0.018292	0.116276
33	1	0.008454	0.147499	0.130093
34	1	0.008454	0.147499	0.130093
35	1	0.008454	0.147499	0.130093
36	1	-0.014117	-0.209330	-0.048901
37	1	-0.014117	-0.209330	-0.048901
38	1	-0.015686	-0.232589	-0.054335
39	1	-0.015686	-0.232589	-0.054335
40	2	0.008454	0.147499	0.130093
41	2	0.006608	0.102861	0.125157
42	2	0.004148	0.043343	0.118574
43	2	0.002303	-0.001296	0.113638
44	2	-0.054589	-0.009794	0.114957
45	2	0.008454	0.147499	0.130093
46	2	0.006608	0.102861	0.125157
47	2	0.002303	-0.001296	0.113638
48	2	0.002303	-0.001296	0.113638
49	2	-0.054589	-0.009794	0.114957
50	2	0.007223	0.117740	0.126802
51	2	0.005378	0.073102	0.121865
52	2	-0.018609	0.039943	0.119102
53	2	-0.065353	0.003386	0.116866
54	2	-0.025265	-0.211159	-0.037274
55	2	-0.044424	-0.168300	-0.003151
56	2	-0.054004	-0.146870	0.013910
57	2	-0.073164	-0.104010	0.048032
58	2	-0.034845	-0.189729	-0.020213
59	2	-0.044424	-0.168300	-0.003151
60	2	-0.063584	-0.125440	0.030971
61	2	-0.081175	-0.059322	0.070527
62	2	-0.034845	-0.189729	-0.020213
63	2	-0.063584	-0.125440	0.030971
64	2	-0.073164	-0.104010	0.048032
65	2	-0.082743	-0.082581	0.065093
66	2	-0.092323	-0.061151	0.082154
67	2	-0.015686	-0.232589	-0.054335
68	2	-0.028162	-0.159512	0.002462
69	2	-0.034058	-0.142747	0.012226
70	2	-0.053217	-0.099888	0.046349
71	2	-0.067783	-0.079489	0.063831
72	2	-0.111482	-0.018292	0.116276
73	3	0.000000	0.000000	0.000000
74	3	0.000000	0.000000	0.000000
75	3	0.000000	0.000000	0.000000
76	3	0.000000	0.000000	0.000000
77	3	0.000000	0.000000	0.000000
78	3	0.000000	0.000000	0.000000
79	3	0.000000	0.000000	0.000000
80	3	0.000000	0.000000	0.000000
81	3	0.000000	0.000000	0.000000
82	3	0.000000	0.000000	0.000000
83	3	0.000000	0.000000	0.000000
84	3	0.000000	0.000000	0.000000
85	3	0.000000	0.000000	0.000000
86	3	0.000000	0.000000	0.000000
87	3	0.000000	0.000000	0.000000
88	3	0.000000	0.000000	0.000000
89	3	0.000000	0.000000	0.000000
90	3	0.000000	0.000000	0.000000
91	3	0.000000	0.000000	0.000000
92	3	0.000000	0.000000	0.000000
93	3	0.000000	0.000000	0.000000
94	3	0.000000	0.000000	0.000000
95	3	0.000000	0.000000	0.000000
96	3	0.000000	0.000000	0.000000
97	3	0.000000	0.000000	0.000000
98	3	0.000000	0.000000	0.000000
99	3	0.000000	0.000000	0.000000
100	4	0.000000	0.000000	0.000000
101	4	0.000000	0.000000	0.000000
102	4	0.000000	0.000000	0.000000
103	4	0.000000	0.000000	0.000000
104	4	0.000000	0.000000	0.000000
105	4	0.000000	0.000000	0.000000
106	4	0.000000	0.000000	0.000000
107	4	0.000000	0.000000	0.000000
108	4	0.000000	0.000000	0.000000
109	4	0.000000	0.000000	0.000000
110	4	0.000000	0.000000	0.000000
111	4	0.000000	0.000000	0.000000
112	4	0.000000	0.000000	0.000000
113	4	0.000000	0.000000	0.000000
114	4	0.000000	0.000000	0.000000
115	4	0.000000	0.000000	0.000000
116	4	0.000000	0.000000	0.000000
117	4	0.000000	0.000000	0.000000
118	4	0.000000	0.000000	0.000000
119	4	0.000000	0.000000	0.000000
120	4	0.000000	0.000000	0.000000
121	4	0.000000	0.000000	0.000000
122	4	0.000000	0.000000	0.000000
123	4	0.000000	0.000000	0.000000
124	4	0.000000	0.000000	0.000000
125	4	0.000000	0.000000	0.000000
126	4	0.000000	0.000000	0.000000
127	4	0.000000	0.000000	0.000000
128	4	0.000000	0.000000	0.000000
129	4	0.000000	0.000000	0.000000
130	4	0.000000	0.000000	0.000000
131	4	0.000000	0.000000	0.000000
132	4	0.000000	0.000000	0.000000
133	4	0.000000	0.000000	0.000000
134	4	0.000000	0.000000	0.000000
135	5	0.000000	0.000000	0.000000
136	5	0.000000	0.000000	0.000000
137	5	0.000000	0.000000	0.000000
138	5	0.000000	0.000000	0.000000
139	5	0.000000	0.000000	0.000000
140	5	0.000000	0.000000	0.000000
141	5	0.000000	0.000000	0.000000
142	5	0.000000	0.000000	0.000000
143	5	0.000000	0.000000	0.000000
144	5	0.000000	0.000000	0.000000
145	5	0.000000	0.000000	0.000000
146	5	0.000000	0.000000	0.000000
147	5	0.000000	0.000000	0.000000
148	5	0.000000	0.000000	0.000000
149	5	0.000000	0.000000	0.000000
150	5	0.000000	0.000000	0.000000
151	5	0.000000	0.000000	0.000000
152	5	0.000000	0.000000	0.000000
153	5	0.000000	0.000000	0.000000
154	5	0.000000	0.000000	0.000000
155	5	0.000000	0.000000	0.000000
156	5	0.000000	0.000000	0.000000
157	5	0.000000	0.000000	0.000000
158	5	0.000000	0.000000	0.000000
159	5	0.000000	0.000000	0.000000
160	5	0.000000	0.000000	0.000000
161	5	0.000000	0.000000	0.000000
162	5	0.000000	0.000000	0.000000
163	5	0.000000	0.000000	0.000000
164	5	0.000000	0.000000	0.000000
165	5	0.000000	0.000000	0.000000
166	5	0.000000	0.000000	0.000000
167	5	0.000000	0.000000	0.000000
168	5	0.000000	0.000000	0.000000
169	6	0.000000	0.000000	0.000000
170	6	0.000000	0.000000	0.000000
171	6	0.000000	0.000000	0.000000
172	6	0.000000	0.000000	0.000000
173	6	0.000000	0.000000	0.000000
174	6	0.000000	0.000000	0.000000
175	6	0.000000	0.000000	0.000000
176	6	0.000000	0.000000	0.000000
177	6	0.000000	0.000000	0.000000
178	6	0.000000	0.000000	0.000000
179	6	0.000000	0.000000	0.000000
180	6	0.000000	0.000000	0.000000
181	6	0.000000	0.000000	0.000000
182	6	0.000000	0.000000	0.000000
183	6	0.000000	0.000000	0.000000
184	6	0.000000	0.000000	0.000000
185	6	0.000000	0.000000	0.000000
186	6	0.000000	0.000000	0.000000
187	6	0.000000	0.000000	0.000000
188	6	0.000000	0.000000	0.000000
189	6	0.000000	0.000000	0.000000
190	6	0.000000	0.000000	0.000000
191	6	0.000000	0.000000	0.000000
192	7	0.000000	0.000000	0.000000
193	7	0.000000	0.000000	0.000000
194	7	0.000000	0.000000	0.000000
195	7	0.000000	0.000000	0.000000
196	7	0.000000	0.000000	0.000000
197	7	0.000000	0.000000	0.000000
198	7	0.000000	0.000000	0.000000
199	7	0.000000	0.000000	0.000000
200	7	0.000000	0.000000	0.000000
201	7	0.000000	0.000000	0.000000
202	7	0.000000	0.000000	0.000000
203	7	0.000000	0.000000	0.000000
204	7	0.000000	0.000000	0.000000
205	7	0.000000	0.000000	0.000000
206	7	0.000000	0.000000	0.000000
207	7	0.000000	0.000000	0.000000
208	7	0.000000	0.000000	0.000000
209	7	0.000000	0.000000	0.000000
210	7	0.000000	0.000000	0.000000
211	7	0.000000	0.000000	0.000000
212	7	0.000000	0.000000	0.000000
213	8	0.000000	0.000000	0.000000
214	8	0.000000	0.000000	0.000000
215	8	0.000000	0.000000	0.000000
216	8	0.000000	0.000000	0.000000
217	8	0.000000	0.000000	0.000000
218	8	0.000000	0.000000	0.000000
219	8	0.000000	0.000000	0.000000
220	8	0.000000	0.000000	0.000000
221	8	0.000000	0.000000	0.000000
222	8	0.000000	0.000000	0.000000
223	8	0.000000	0.000000	0.000000
224	8	0.000000	0.000000	0.000000
225	8	0.000000	0.000000	0.000000
226	8	0.000000	0.000000	0.000000
227	8	0.000000	0.000000	0.000000
228	8	0.000000	0.000000	0.000000
229	8	0.000000	0.000000	0.000000
230	8	0.000000	0.000000	0.000000
231	9	0.000000	0.000000	0.000000
232	9	0.000000	0.000000	0.000000
233	9	0.000000	0.000000	0.000000
234	9	0.000000	0.000000	0.000000
235	9	0.000000	0.000000	0.000000
236	9	0.000000	0.000000	0.000000
237	9	0.000000	0.000000	0.000000
238	9	0.000000	0.000000	0.000000
239	9	0.000000	0.000000	0.000000
240	9	0.000000	0.000000	0.000000
241	9	0.000000	0.000000	0.000000
242	9	0.000000	0.000000	0.000000
243	9	0.000000	0.000000	0.000000
244	9	0.000000	0.000000	0.000000
245	9	0.000000	0.000000	0.000000
246	10	0.006030	0.003111	-0.005653
247	10	0.026796	-0.014664	-0.018065
248	10	0.037436	-0.000238	0.005598
249	10	0.037436	-0.000238	0.005598
250	10	0.037436	-0.000238	0.005598
251	10	0.048195	0.004275	0.017454
252	10	0.048195	0.004275	0.017454
253	10	0.046868	-0.006160	0.026453
254	10	0.090073	0.017458	0.024439
255	10	0.056449	0.001750	0.043384
256	10	0.073083	0.008660	0.053808
257	10	0.095091	0.005854	0.061474
258	10	0.046868	-0.006160	0.026453
259	10	0.084154	0.010881	0.033847
260	10	0.105337	0.008953	0.035172
261	10	0.105337	0.008953	0.035172
262	11	-0.006052	0.003067	-0.005738
263	11	-0.026893	-0.014857	-0.018446
264	11	-0.037571	-0.000508	0.005065
265	11	-0.037571	-0.000508	0.005065
266	11	-0.037571	-0.000508	0.005065
267	11	-0.048370	0.003928	0.016769
268	11	-0.048370	0.003928	0.016769
269	11	-0.047038	-0.006498	0.025787
270	11	-0.090399	0.016808	0.023158
271	11	-0.056653	0.001343	0.042581
272	11	-0.073346	0.008132	0.052769
273	11	-0.095434	0.005168	0.060122
274	11	-0.047038	-0.006498	0.025787
275	11	-0.084458	0.010274	0.032650
276	11	-0.105718	0.008194	0.033674
277	11	-0.105718	0.008194	0.033674
278	12	0.029965	0.030781	0.072730
279	12	0.036934	0.007354	0.069652
280	12	0.033477	-0.037414	0.076080
281	12	0.078141	-0.086774	0.099317
282	12	0.078141	-0.086774	0.099317
283	12	0.078141	-0.086774	0.099317
284	12	0.091477	-0.059381	0.106101
285	12	0.088143	-0.066230	0.104405
286	12	0.111482	-0.018292	0.116276
287	12	0.111482	-0.018292	0.116276
288	12	0.113312	-0.006773	0.103439
289	12	-0.030120	-0.176593	-0.046651
290	12	0.010852	-0.099631	-0.007555
291	12	0.059828	-0.042638	0.033965
292	12	0.106607	-0.003746	0.089802
293	12	0.111482	-0.018292	0.116276
294	12	0.009463	0.070106	0.049876
295	12	-0.015686	-0.232589	-0.054335
296	13	-0.016919	0.030781	0.072730
297	13	-0.025579	0.007354	0.069652
298	13	-0.027194	-0.037414	0.076080
299	13	-0.078141	-0.086774	0.099317
300	13	-0.078141	-0.086774	0.099317
301	13	-0.078141	-0.086774	0.099317
302	13	-0.091477	-0.059381	0.106101
303	13	-0.088143	-0.066230	0.104405
304	13	-0.111482	-0.018292	0.116276
305	13	-0.111482	-0.018292	0.116276
306	13	-0.113399	-0.006947	0.103096
307	13	-0.030120	-0.176593	-0.046651
308	13	-0.017177	-0.099732	-0.007754
309	13	-0.060044	-0.043069	0.033114
310	13	-0.106791	-0.004113	0.089078
311	13	-0.111482	-0.018292	0.116276
312	14	0.111736	0.014850	0.082988
313	14	0.120632	0.039300	0.052090
314	14	0.101732	0.010799	0.063327
315	14	0.091634	0.044851	0.079516
316	14	0.091634	0.044851	0.079516
317	14	0.074378	-0.064404	0.044369
318	14	0.088055	-0.026802	0.053848
319	14	0.096683	0.027825	0.071422
320	14	-0.051773	-0.092599	-0.035125
321	14	-0.039405	-0.068378	-0.036089
322	14	0.003019	-0.052147	-0.002283
323	14	-0.038990	-0.105991	-0.016186
324	14	-0.039405	-0.068378	-0.036089
325	14	-0.051773	-0.092599	-0.035125
326	14	-0.038990	-0.105991	-0.016186
327	15	-0.112140	0.014044	0.081400
328	15	-0.121068	0.038430	0.050375
329	15	-0.102100	0.010066	0.061880
330	15	-0.091966	0.044190	0.078214
331	15	-0.091966	0.044190	0.078214
332	15	-0.074647	-0.064940	0.043312
333	15	-0.088373	-0.027437	0.052596
334	15	-0.097033	0.027128	0.070047
335	15	-0.051773	-0.092599	-0.035125
336	15	0.039547	-0.068094	-0.035528
337	15	-0.018654	-0.052226	-0.002437
338	15	-0.038990	-0.105991	-0.016186
339	15	0.039547	-0.068094	-0.035528
340	16	0.000000	0.000000	0.000000
341	16	0.000000	0.000000	0.000000
342	16	0.000000	0.000000	0.000000
343	16	0.000000	0.000000	0.000000
344	16	0.000000	0.000000	0.000000
345	16	0.000000	0.000000	0.000000
346	16	0.000000	0.000000	0.000000
347	16	0.000000	0.000000	0.000000
348	16	0.000000	0.000000	0.000000
349	16	0.000000	0.000000	0.000000
350	16	0.000000	0.000000	0.000000
351	16	0.000000	0.000000	0.000000
352	16	0.000000	0.000000	0.000000
353	16	0.000000	0.000000	0.000000
354	16	0.000000	0.000000	0.000000
355	16	0.000000	0.000000	0.000000
356	16	0.000000	0.000000	0.000000
357	17	0.000000	0.000000	0.000000
358	17	0.000000	0.000000	0.000000
359	17	0.000000	0.000000	0.000000
360	17	0.000000	0.000000	0.000000
361	17	0.000000	0.000000	0.000000
362	17	0.000000	0.000000	0.000000
363	17	0.000000	0.000000	0.000000
364	17	0.000000	0.000000	0.000000
365	17	0.000000	0.000000	0.000000
366	17	0.000000	0.000000	0.000000
367	17	0.000000	0.000000	0.000000
368	17	0.000000	0.000000	0.000000
369	17	0.000000	0.000000	0.000000
370	17	0.000000	0.000000	0.000000
371	18	0.000000	0.000000	0.000000
372	18	0.000000	0.000000	0.000000
373	18	0.000000	0.000000	0.000000
374	18	0.000000	0.000000	0.000000
375	18	0.000000	0.000000	0.000000
376	18	0.000000	0.000000	0.000000
377	18	0.000000	0.000000	0.000000
378	18	0.000000	0.000000	0.000000
379	18	0.000000	0.000000	0.000000
380	18	0.000000	0.000000	0.000000
381	18	0.000000	0.000000	0.000000
382	18	0.000000	0.000000	0.000000
383	18	0.000000	0.000000	0.000000
384	18	0.000000	0.000000	0.000000
385	18	0.000000	0.000000	0.000000
386	18	0.000000	0.000000	0.000000
387	18	0.000000	0.000000	0.000000
388	18	0.000000	0.000000	0.000000
389	18	0.000000	0.000000	0.000000
390	18	0.000000	0.000000	0.000000
391	19	0.000000	0.000000	0.000000
392	19	0.000000	0.000000	0.000000
393	19	0.000000	0.000000	0.000000
394	19	0.000000	0.000000	0.000000
395	19	0.000000	0.000000	0.000000
396	19	0.000000	0.000000	0.000000
397	19	0.000000	0.000000	0.000000
398	19	0.000000	0.000000	0.000000
399	19	0.000000	0.000000	0.000000
400	19	0.000000	0.000000	0.000000
401	19	0.000000	0.000000	0.000000
402	19	0.000000	0.000000	0.000000
403	19	0.000000	0.000000	0.000000
404	19	0.000000	0.000000	0.000000
405	19	0.000000	0.000000	0.000000
406	19	0.000000	0.000000	0.000000
407	19	0.000000	0.000000	0.000000
408	19	0.000000	0.000000	0.000000
409	20	0.000000	0.000000	0.000000
410	20	0.000000	0.000000	0.000000
411	20	0.000000	0.000000	0.000000
412	20	0.000000	0.000000	0.000000
413	20	0.000000	0.000000	0.000000
414	20	0.000000	0.000000	0.000000
415	20	0.000000	0.000000	0.000000
416	20	0.000000	0.000000	0.000000
417	20	0.000000	0.000000	0.000000
418	20	0.000000	0.000000	0.000000
419	20	0.000000	0.000000	0.000000
420	20	0.000000	0.000000	0.000000
421	20	0.000000	0.000000	0.000000
422	20	0.000000	0.000000	0.000000
423	20	0.000000	0.000000	0.000000
424	20	0.000000	0.000000	0.000000
425	20	0.000000	0.000000	0.000000
426	20	0.000000	0.000000	0.000000
427	20	0.000000	0.000000	0.000000
428	20	0.000000	0.000000	0.000000
429	20	0.000000	0.000000	0.000000
430	20	0.000000	0.000000	0.000000
431	20	0.000000	0.000000	0.000000
432	20	0.000000	0.000000	0.000000
433	20	0.000000	0.000000	0.000000
434	21	0.000000	0.000000	0.000000
435	21	0.000000	0.000000	0.000000
436	21	0.000000	0.000000	0.000000
437	21	0.000000	0.000000	0.000000
438	21	0.000000	0.000000	0.000000
439	21	0.000000	0.000000	0.000000
440	21	0.000000	0.000000	0.000000
441	21	0.000000	0.000000	0.000000
442	21	0.000000	0.000000	0.000000
443	21	0.000000	0.000000	0.000000
444	21	0.000000	0.000000	0.000000
445	21	0.000000	0.000000	0.000000
446	21	0.000000	0.000000	0.000000
447	21	0.000000	0.000000	0.000000
448	21	0.000000	0.000000	0.000000
449	21	0.000000	0.000000	0.000000
450	21	0.000000	0.000000	0.000000
451	21	0.000000	0.000000	0.000000
452	21	0.000000	0.000000	0.000000
453	21	0.000000	0.000000	0.000000
454	21	0.000000	0.000000	0.000000
455	21	0.000000	0.000000	0.000000
456	21	0.000000	0.000000	0.000000
457	21	0.000000	0.000000	0.000000
458	21	0.000000	0.000000	0.000000
459	22	0.000000	0.000000	0.000000
460	22	0.000000	0.000000	0.000000
461	22	0.000000	0.000000	0.000000
462	22	0.000000	0.000000	0.000000
463	22	0.000000	0.000000	0.000000
464	22	0.000000	0.000000	0.000000
465	22	0.000000	0.000000	0.000000
466	22	0.000000	0.000000	0.000000
467	22	0.000000	0.000000	0.000000
468	22	0.000000	0.000000	0.000000
469	22	0.000000	0.000000	0.000000
470	22	0.000000	0.000000	0.000000
471	22	0.000000	0.000000	0.000000
472	22	0.000000	0.000000	0.000000
473	22	0.000000	0.000000	0.000000
474	22	0.000000	0.000000	0.000000
475	22	0.000000	0.000000	0.000000
476	22	0.000000	0.000000	0.000000
477	22	0.000000	0.000000	0.000000
478	22	0.000000	0.000000	0.000000
479	22	0.000000	0.000000	0.000000
480	22	0.000000	0.000000	0.000000
481	22	0.000000	0.000000	0.000000
482	22	0.000000	0.000000	0.000000
483	22	0.000000	0.000000	0.000000
484	22	0.000000	0.000000	0.000000
485	22	0.000000	0.000000	0.000000
486	22	0.000000	0.000000	0.000000
487	22	0.000000	0.000000	0.000000
488	22	0.000000	0.000000	0.000000
489	22	0.000000	0.000000	0.000000
490	22	0.000000	0.000000	0.000000
491	22	0.000000	0.000000	0.000000
492	22	0.000000	0.000000	0.000000
493	22	0.000000	0.000000	0.000000
494	22	0.000000	0.000000	0.000000
495	22	0.000000	0.000000	0.000000
496	22	0.000000	0.000000	0.000000
497	22	0.000000	0.000000	0.000000
498	22	0.000000	0.000000	0.000000
499	22	0.000000	0.000000	0.000000
500	22	0.000000	0.000000	0.000000
501	23	0.000000	0.000000	0.000000
502	23	0.000000	0.000000	0.000000
503	23	0.000000	0.000000	0.000000
504	23	0.000000	0.000000	0.000000
505	23	0.000000	0.000000	0.000000
506	23	0.000000	0.000000	0.000000
507	23	0.000000	0.000000	0.000000
508	23	0.000000	0.000000	0.000000
509	23	0.000000	0.000000	0.000000
510	23	0.000000	0.000000	0.000000
511	23	0.000000	0.000000	0.000000
512	23	0.000000	0.000000	0.000000
513	23	0.000000	0.000000	0.000000
514	23	0.000000	0.000000	0.000000
515	23	0.000000	0.000000	0.000000
516	23	0.000000	0.000000	0.000000
517	23	0.000000	0.000000	0.000000
518	23	0.000000	0.000000	0.000000
519	23	0.000000	0.000000	0.000000
520	23	0.000000	0.000000	0.000000
521	23	0.000000	0.000000	0.000000
522	23	0.000000	0.000000	0.000000
523	23	0.000000	0.000000	0.000000
524	23	0.000000	0.000000	0.000000
525	23	0.000000	0.000000	0.000000
526	23	0.000000	0.000000	0.000000
527	23	0.000000	0.000000	0.000000
528	23	0.000000	0.000000	0.000000
529	23	0.000000	0.000000	0.000000
530	23	0.000000	0.000000	0.000000
531	23	0.000000	0.000000	0.000000
532	23	0.000000	0.000000	0.000000
533	23	0.000000	0.000000	0.000000
534	23	0.000000	0.000000	0.000000
535	23	0.000000	0.000000	0.000000
536	23	0.000000	0.000000	0.000000
537	23	0.000000	0.000000	0.000000
538	23	0.000000	0.000000	0.000000
539	23	0.000000	0.000000	0.000000
540	23	0.000000	0.000000	0.000000
541	23	0.000000	0.000000	0.000000
542	23	0.000000	0.000000	0.000000
543	25	0.000000	0.000000	0.000000
544	25	0.000000	0.000000	0.000000
545	25	0.000000	0.000000	0.000000
546	25	0.000000	0.000000	0.000000
547	25	0.000000	0.000000	0.000000
548	25	0.000000	0.000000	0.000000
549	25	0.000000	0.000000	0.000000
550	25	0.000000	0.000000	0.000000
551	25	0.000000	0.000000	0.000000
552	25	0.000000	0.000000	0.000000
553	25	0.000000	0.000000	0.000000
554	25	0.000000	0.000000	0.000000
555	25	0.000000	0.000000	0.000000
556	25	0.000000	0.000000	0.000000
557	25	0.000000	0.000000	0.000000
558	25	0.000000	0.000000	0.000000
559	25	0.000000	0.000000	0.000000
560	25	0.000000	0.000000	0.000000
561	25	0.000000	0.000000	0.000000
562	25	0.000000	0.000000	0.000000
563	25	0.000000	0.000000	0.000000
564	25	0.000000	0.000000	0.000000
565	25	0.000000	0.000000	0.000000
566	25	0.000000	0.000000	0.000000
567	25	0.000000	0.000000	0.000000
568	25	0.000000	0.000000	0.000000
569	25	0.000000	0.000000	0.000000
570	25	0.000000	0.000000	0.000000
571	25	0.000000	0.000000	0.000000
572	25	0.000000	0.000000	0.000000
573	25	0.000000	0.000000	0.000000
574	25	0.000000	0.000000	0.000000
575	25	0.000000	0.000000	0.000000
576	25	0.000000	0.000000	0.000000
577	25	0.000000	0.000000	0.000000
578	25	0.000000	0.000000	0.000000
579	25	0.000000	0.000000	0.000000
580	25	0.000000	0.000000	0.000000
581	25	0.000000	0.000000	0.000000
582	25	0.000000	0.000000	0.000000
583	25	0.000000	0.000000	0.000000
584	25	0.000000	0.000000	0.000000
585	25	0.000000	0.000000	0.000000
586	25	0.000000	0.000000	0.000000
587	25	0.000000	0.000000	0.000000
588	25	0.000000	0.000000	0.000000
589	25	0.000000	0.000000	0.000000
590	25	0.000000	0.000000	0.000000
591	25	0.000000	0.000000	0.000000
592	25	0.000000	0.000000	0.000000
593	25	0.000000	0.000000	0.000000
594	25	0.000000	0.000000	0.000000
595	25	0.000000	0.000000	0.000000
596	25	0.000000	0.000000	0.000000
597	25	0.000000	0.000000	0.000000
598	25	0.000000	0.000000	0.000000
599	25	0.000000	0.000000	0.000000
600	25	0.000000	0.000000	0.000000
601	25	0.000000	0.000000	0.000000
602	25	0.000000	0.000000	0.000000
603	25	0.000000	0.000000	0.000000
604	25	0.000000	0.000000	0.000000
605	25	0.000000	0.000000	0.000000
606	25	0.000000	0.000000	0.000000
607	25	0.000000	0.000000	0.000000
608	25	0.000000	0.000000	0.000000
609	25	0.000000	0.000000	0.000000
610	25	0.000000	0.000000	0.000000
611	25	0.000000	0.000000	0.000000
612	25	0.000000	0.000000	0.000000
613	25	0.000000	0.000000	0.000000
614	25	0.000000	0.000000	0.000000
615	25	0.000000	0.000000	0.000000
616	25	0.000000	0.000000	0.000000
617	25	0.000000	0.000000	0.000000
618	25	0.000000	0.000000	0.000000
619	25	0.000000	0.000000	0.000000
620	25	0.000000	0.000000	0.000000
621	25	0.000000	0.000000	0.000000
622	25	0.000000	0.000000	0.000000
623	25	0.000000	0.000000	0.000000
624	25	0.000000	0.000000	0.000000
625	25	0.000000	0.000000	0.000000
626	25	0.000000	0.000000	0.000000
627	25	0.000000	0.000000	0.000000
628	25	0.000000	0.000000	0.000000
629	25	0.000000	0.000000	0.000000
630	25	0.000000	0.000000	0.000000
631	25	0.000000	0.000000	0.000000
632	25	0.000000	0.000000	0.000000
633	25	0.000000	0.000000	0.000000
634	25	0.000000	0.000000	0.000000
635	25	0.000000	0.000000	0.000000
636	25	0.000000	0.000000	0.000000
637	25	0.000000	0.000000	0.000000
638	25	0.000000	0.000000	0.000000
639	25	0.000000	0.000000	0.000000
640	25	0.000000	0.000000	0.000000
641	25	0.000000	0.000000	0.000000
642	25	0.000000	0.000000	0.000000
643	25	0.000000	0.000000	0.000000
644	25	0.000000	0.000000	0.000000
645	25	0.000000	0.000000	0.000000
646	25	0.000000	0.000000	0.000000
647	25	0.000000	0.000000	0.000000
648	25	0.000000	0.000000	0.000000
649	25	0.000000	0.000000	0.000000
650	25	0.000000	0.000000	0.000000
651	25	0.000000	0.000000	0.000000
652	25	0.000000	0.000000	0.000000
653	25	0.000000	0.000000	0.000000
654	25	0.000000	0.000000	0.000000
655	25	0.000000	0.000000	0.000000
656	25	0.000000	0.000000	0.000000
657	25	0.000000	0.000000	0.000000
658	25	0.000000	0.000000	0.000000
659	25	0.000000	0.000000	0.000000
660	25	0.000000	0.000000	0.000000
661	25	0.000000	0.000000	0.000000
662	25	0.000000	0.000000	0.000000
663	25	0.000000	0.000000	0.000000
664	25	0.000000	0.000000	0.000000
665	25	0.000000	0.000000	0.000000
666	25	0.000000	0.000000	0.000000
667	25	0.000000	0.000000	0.000000
668	25	0.000000	0.000000	0.000000
669	25	0.000000	0.000000	0.000000
670	25	0.000000	0.000000	0.000000
671	25	0.000000	0.000000	0.000000
672	25	0.000000	0.000000	0.000000
673	25	0.000000	0.000000	0.000000
674	26	0.000000	0.000000	0.000000
675	26	0.000000	0.000000	0.000000
676	26	0.000000	0.000000	0.000000
677	26	0.000000	0.000000	0.000000
678	26	0.000000	0.000000	0.000000
679	26	0.000000	0.000000	0.000000
680	26	0.000000	0.000000	0.000000
681	26	0.000000	0.000000	0.000000
682	26	0.000000	0.000000	0.000000
683	26	0.000000	0.000000	0.000000
684	26	0.000000	0.000000	0.000000
685	26	0.000000	0.000000	0.000000
686	26	0.000000	0.000000	0.000000
687	26	0.000000	0.000000	0.000000
688	26	0.000000	0.000000	0.000000
689	26	0.000000	0.000000	0.000000
690	26	0.000000	0.000000	0.000000
691	26	0.000000	0.000000	0.000000
692	26	0.000000	0.000000	0.000000
693	26	0.000000	0.000000	0.000000
694	26	0.000000	0.000000	0.000000
695	26	0.000000	0.000000	0.000000
696	26	0.000000	0.000000	0.000000
697	26	0.000000	0.000000	0.000000
698	26	0.000000	0.000000	0.000000
699	26	0.000000	0.000000	0.000000
700	26	0.000000	0.000000	0.000000
701	26	0.000000	0.000000	0.000000
702	26	0.000000	0.000000	0.000000
703	26	0.000000	0.000000	0.000000
704	26	0.000000	0.000000	0.000000
705	26	0.000000	0.000000	0.000000
706	26	0.000000	0.000000	0.000000
707	26	0.000000	0.000000	0.000000
708	26	0.000000	0.000000	0.000000
709	26	0.000000	0.000000	0.000000
710	26	0.000000	0.000000	0.000000
711	26	0.000000	0.000000	0.000000
712	26	0.000000	0.000000	0.000000
713	26	0.000000	0.000000	0.000000
714	26	0.000000	0.000000	0.000000
715	26	0.000000	0.000000	0.000000
716	26	0.000000	0.000000	0.000000
717	26	0.000000	0.000000	0.000000
718	26	0.000000	0.000000	0.000000
719	26	0.000000	0.000000	0.000000
720	26	0.000000	0.000000	0.000000
721	26	0.000000	0.000000	0.000000
722	26	0.000000	0.000000	0.000000
723	26	0.000000	0.000000	0.000000
724	26	0.000000	0.000000	0.000000
725	26	0.000000	0.000000	0.000000
726	26	0.000000	0.000000	0.000000
727	26	0.000000	0.000000	0.000000
728	26	0.000000	0.000000	0.000000
729	26	0.000000	0.000000	0.000000
730	26	0.000000	0.000000	0.000000
731	26	0.000000	0.000000	0.000000
732	26	0.000000	0.000000	0.000000
733	26	0.000000	0.000000	0.000000
734	26	0.000000	0.000000	0.000000
735	26	0.000000	0.000000	0.000000
736	26	0.000000	0.000000	0.000000
737	26	0.000000	0.000000	0.000000
738	26	0.000000	0.000000	0.000000
739	26	0.000000	0.000000	0.000000
740	26	0.000000	0.000000	0.000000
741	26	0.000000	0.000000	0.000000
742	26	0.000000	0.000000	0.000000
743	26	0.000000	0.000000	0.000000
744	26	0.000000	0.000000	0.000000
745	26	0.000000	0.000000	0.000000
746	26	0.000000	0.000000	0.000000
747	26	0.000000	0.000000	0.000000
748	26	0.000000	0.000000	0.000000
749	26	0.000000	0.000000	0.000000
750	26	0.000000	0.000000	0.000000
751	26	0.000000	0.000000	0.000000
752	26	0.000000	0.000000	0.000000
753	26	0.000000	0.000000	0.000000
754	26	0.000000	0.000000	0.000000
755	26	0.000000	0.000000	0.000000
756	26	0.000000	0.000000	0.000000
757	26	0.000000	0.000000	0.000000
758	26	0.000000	0.000000	0.000000
759	26	0.000000	0.000000	0.000000
760	26	0.000000	0.000000	0.000000
761	26	0.000000	0.000000	0.000000
762	26	0.000000	0.000000	0.000000
763	26	0.000000	0.000000	0.000000
764	26	0.000000	0.000000	0.000000
765	26	0.000000	0.000000	0.000000
766	26	0.000000	0.000000	0.000000
767	26	0.000000	0.000000	0.000000
768	26	0.000000	0.000000	0.000000
769	26	0.000000	0.000000	0.000000
770	26	0.000000	0.000000	0.000000
771	26	0.000000	0.000000	0.000000
772	26	0.000000	0.000000	0.000000
773	26	0.000000	0.000000	0.000000
774	26	0.000000	0.000000	0.000000
775	26	0.000000	0.000000	0.000000
776	26	0.000000	0.000000	0.000000
777	26	0.000000	0.000000	0.000000
778	26	0.000000	0.000000	0.000000
779	26	0.000000	0.000000	0.000000
780	26	0.000000	0.000000	0.000000
781	26	0.000000	0.000000	0.000000
782	26	0.000000	0.000000	0.000000
783	26	0.000000	0.000000	0.000000
784	26	0.000000	0.000000	0.000000
785	26	0.000000	0.000000	0.000000
786	26	0.000000	0.000000	0.000000
