#AU25 - Lips Part
0	1	-0.033645	0.057202	-0.003266
1	1	-0.041874	0.053915	-0.005286
2	1	-0.037123	0.044985	-0.007419
3	1	-0.028940	0.034204	-0.008854
4	1	-0.017644	0.017774	-0.009163
5	1	-0.016839	0.057152	-0.002667
6	1	-0.020876	0.054303	-0.004538
7	1	-0.018355	0.043798	-0.008477
8	1	-0.016192	0.035013	-0.008400
9	1	-0.011762	0.018384	-0.008954
10	1	-0.006516	0.055269	-0.003450
11	1	-0.004904	0.047870	-0.005120
12	1	-0.006648	0.038736	-0.006618
13	1	-0.009676	0.019376	-0.008446
14	1	-0.038445	-0.101747	-0.075378
15	1	-0.032338	-0.080239	-0.060769
16	1	-0.029285	-0.069486	-0.053464
17	1	-0.023178	-0.047979	-0.038855
18	1	-0.035391	-0.090993	-0.068073
19	1	-0.032338	-0.080239	-0.060769
20	1	-0.026232	-0.058732	-0.046160
21	1	-0.015975	-0.025975	-0.023283
22	1	-0.035391	-0.090993	-0.068073
23	1	-0.026232	-0.058732	-0.046160
24	1	-0.023178	-0.047979	-0.038855
25	1	-0.020125	-0.037225	-0.031551
26	1	-0.017072	-0.026472	-0.024246
27	1	-0.041498	-0.112500	-0.082682
28	1	-0.021694	-0.093252	-0.047618
29	1	-0.018130	-0.089693	-0.040722
30	1	-0.012023	-0.068186	-0.026113
31	1	-0.011759	-0.052380	-0.021994
32	1	-0.010966	-0.004964	-0.009637
33	1	-0.031290	0.057059	-0.003182
34	1	-0.013704	0.057773	-0.002555
35	1	-0.003813	0.058192	-0.002203
36	1	-0.037348	-0.101250	-0.074414
37	1	-0.037348	-0.101250	-0.074414
38	1	-0.041498	-0.112500	-0.082682
39	1	-0.041498	-0.112500	-0.082682
40	2	-0.033694	0.055624	-0.003268
41	2	-0.041908	0.049389	-0.005290
42	2	-0.037100	0.037150	-0.007424
43	2	-0.028818	0.025743	-0.008857
44	2	-0.008300	0.013531	-0.009158
45	2	-0.016902	0.055892	-0.002669
46	2	-0.020887	0.052087	-0.004540
47	2	-0.018206	0.039612	-0.008479
48	2	-0.016041	0.030090	-0.008402
49	2	-0.002406	0.016068	-0.008948
50	2	-0.006530	0.054548	-0.003452
51	2	-0.004873	0.046673	-0.005122
52	2	-0.002892	0.037474	-0.006617
53	2	0.001478	0.018229	-0.008440
54	2	-0.036591	-0.101731	-0.075377
55	2	-0.026777	-0.080193	-0.060765
56	2	-0.021870	-0.069424	-0.053459
57	2	-0.012056	-0.047885	-0.038848
58	2	-0.031684	-0.090962	-0.068071
59	2	-0.026777	-0.080193	-0.060765
60	2	-0.016963	-0.058654	-0.046154
61	2	-0.003000	-0.025866	-0.023274
62	2	-0.031684	-0.090962	-0.068071
63	2	-0.016963	-0.058654	-0.046154
64	2	-0.012056	-0.047885	-0.038848
65	2	-0.007149	-0.037116	-0.031542
66	2	-0.002242	-0.026347	-0.024236
67	2	-0.041498	-0.112500	-0.082682
68	2	-0.002964	-0.093121	-0.047581
69	2	0.001848	-0.089561	-0.040676
70	2	0.011661	-0.068023	-0.026065
71	2	0.010639	-0.052219	-0.021955
72	2	0.007571	-0.004808	-0.009625
73	3	0.000000	0.000000	0.000000
74	3	0.000000	0.000000	0.000000
75	3	0.000000	0.000000	0.000000
76	3	0.000000	0.000000	0.000000
77	3	0.000000	0.000000	0.000000
78	3	0.000000	0.000000	0.000000
79	3	0.000000	0.000000	0.000000
80	3	0.000000	0.000000	0.000000
81	3	0.000000	0.000000	0.000000
82	3	0.000000	0.000000	0.000000
83	3	0.000000	0.000000	0.000000
84	3	0.000000	0.000000	0.000000
85	3	0.000000	0.000000	0.000000
86	3	0.000000	0.000000	0.000000
87	3	0.000000	0.000000	0.000000
88	3	0.000000	0.000000	0.000000
89	3	0.000000	0.000000	0.000000
90	3	0.000000	0.000000	0.000000
91	3	0.000000	0.000000	0.000000
92	3	0.000000	0.000000	0.000000
93	3	0.000000	0.000000	0.000000
94	3	0.000000	0.000000	0.000000
95	3	0.000000	0.000000	0.000000
96	3	0.000000	0.000000	0.000000
97	3	0.000000	0.000000	0.000000
98	3	0.000000	0.000000	0.000000
99	3	0.000000	0.000000	0.000000
100	4	0.000000	0.000000	0.000000
101	4	0.000000	0.000000	0.000000
102	4	0.000000	0.000000	0.000000
103	4	0.000000	0.000000	0.000000
104	4	0.000000	0.000000	0.000000
105	4	0.000000	0.000000	0.000000
106	4	0.000000	0.000000	0.000000
107	4	0.000000	0.000000	0.000000
108	4	0.000000	0.000000	0.000000
109	4	0.000000	0.000000	0.000000
110	4	0.000000	0.000000	0.000000
111	4	0.000000	0.000000	0.000000
112	4	0.000000	0.000000	0.000000
113	4	0.000000	0.000000	0.000000
114	4	0.000000	0.000000	0.000000
115	4	0.000000	0.000000	0.000000
116	4	0.000000	0.000000	0.000000
117	4	0.000000	0.000000	0.000000
118	4	0.000000	0.000000	0.000000
119	4	0.000000	0.000000	0.000000
120	4	0.000000	0.000000	0.000000
121	4	0.000000	0.000000	0.000000
122	4	0.000000	0.000000	0.000000
123	4	0.000000	0.000000	0.000000
124	4	0.000000	0.000000	0.000000
125	4	0.000000	0.000000	0.000000
126	4	0.000000	0.000000	0.000000
127	4	0.000000	0.000000	0.000000
128	4	0.000000	0.000000	0.000000
129	4	0.000000	0.000000	0.000000
130	4	0.000000	0.000000	0.000000
131	4	0.000000	0.000000	0.000000
132	4	0.000000	0.000000	0.000000
133	4	0.000000	0.000000	0.000000
134	4	0.000000	0.000000	0.000000
135	5	0.000000	0.000000	0.000000
136	5	0.000000	0.000000	0.000000
137	5	0.000000	0.000000	0.000000
138	5	0.000000	0.000000	0.000000
139	5	0.000000	0.000000	0.000000
140	5	0.000000	0.000000	0.000000
141	5	0.000000	0.000000	0.000000
142	5	0.000000	0.000000	0.000000
143	5	0.000000	0.000000	0.000000
144	5	0.000000	0.000000	0.000000
145	5	0.000000	0.000000	0.000000
146	5	0.000000	0.000000	0.000000
147	5	0.000000	0.000000	0.000000
148	5	0.000000	0.000000	0.000000
149	5	0.000000	0.000000	0.000000
150	5	0.000000	0.000000	0.000000
151	5	0.000000	0.000000	0.000000
152	5	0.000000	0.000000	0.000000
153	5	0.000000	0.000000	0.000000
154	5	0.000000	0.000000	0.000000
155	5	0.000000	0.000000	0.000000
156	5	0.000000	0.000000	0.000000
157	5	0.000000	0.000000	0.000000
158	5	0.000000	0.000000	0.000000
159	5	0.000000	0.000000	0.000000
160	5	0.000000	0.000000	0.000000
161	5	0.000000	0.000000	0.000000
162	5	0.000000	0.000000	0.000000
163	5	0.000000	0.000000	0.000000
164	5	0.000000	0.000000	0.000000
165	5	0.000000	0.000000	0.000000
166	5	0.000000	0.000000	0.000000
167	5	0.000000	0.000000	0.000000
168	5	0.000000	0.000000	0.000000
169	6	0.000000	0.000000	0.000000
170	6	0.000000	0.000000	0.000000
171	6	0.000000	0.000000	0.000000
172	6	0.000000	0.000000	0.000000
173	6	0.000000	0.000000	0.000000
174	6	0.000000	0.000000	0.000000
175	6	0.000000	0.000000	0.000000
176	6	0.000000	0.000000	0.000000
177	6	0.000000	0.000000	0.000000
178	6	0.000000	0.000000	0.000000
179	6	0.000000	0.000000	0.000000
180	6	0.000000	0.000000	0.000000
181	6	0.000000	0.000000	0.000000
182	6	0.000000	0.000000	0.000000
183	6	0.000000	0.000000	0.000000
184	6	0.000000	0.000000	0.000000
185	6	0.000000	0.000000	0.000000
186	6	0.000000	0.000000	0.000000
187	6	0.000000	0.000000	0.000000
188	6	0.000000	0.000000	0.000000
189	6	0.000000	0.000000	0.000000
190	6	0.000000	0.000000	0.000000
191	6	0.000000	0.000000	0.000000
192	7	0.000000	0.000000	0.000000
193	7	0.000000	0.000000	0.000000
194	7	0.000000	0.000000	0.000000
195	7	0.000000	0.000000	0.000000
196	7	0.000000	0.000000	0.000000
197	7	0.000000	0.000000	0.000000
198	7	0.000000	0.000000	0.000000
199	7	0.000000	0.000000	0.000000
200	7	0.000000	0.000000	0.000000
201	7	0.000000	0.000000	0.000000
202	7	0.000000	0.000000	0.000000
203	7	0.000000	0.000000	0.000000
204	7	0.000000	0.000000	0.000000
205	7	0.000000	0.000000	0.000000
206	7	0.000000	0.000000	0.000000
207	7	0.000000	0.000000	0.000000
208	7	0.000000	0.000000	0.000000
209	7	0.000000	0.000000	0.000000
210	7	0.000000	0.000000	0.000000
211	7	0.000000	0.000000	0.000000
212	7	0.000000	0.000000	0.000000
213	8	0.000000	0.000000	0.000000
214	8	0.000000	0.000000	0.000000
215	8	0.000000	0.000000	0.000000
216	8	0.000000	0.000000	0.000000
217	8	0.000000	0.000000	0.000000
218	8	0.000000	0.000000	0.000000
219	8	0.000000	0.000000	0.000000
220	8	0.000000	0.000000	0.000000
221	8	0.000000	0.000000	0.000000
222	8	0.000000	0.000000	0.000000
223	8	0.000000	0.000000	0.000000
224	8	0.000000	0.000000	0.000000
225	8	0.000000	0.000000	0.000000
226	8	0.000000	0.000000	0.000000
227	8	0.000000	0.000000	0.000000
228	8	0.000000	0.000000	0.000000
229	8	0.000000	0.000000	0.000000
230	8	0.000000	0.000000	0.000000
231	9	0.000000	0.000000	0.000000
232	9	0.000000	0.000000	0.000000
233	9	0.000000	0.000000	0.000000
234	9	0.000000	0.000000	0.000000
235	9	0.000000	0.000000	0.000000
236	9	0.000000	0.000000	0.000000
237	9	0.000000	0.000000	0.000000
238	9	0.000000	0.000000	0.000000
239	9	0.000000	0.000000	0.000000
240	9	0.000000	0.000000	0.000000
241	9	0.000000	0.000000	0.000000
242	9	0.000000	0.000000	0.000000
243	9	0.000000	0.000000	0.000000
244	9	0.000000	0.000000	0.000000
245	9	0.000000	0.000000	0.000000
246	10	0.002620	-0.000319	-0.004207
247	10	0.002589	0.001811	-0.003068
248	10	-0.002237	-0.003279	-0.005920
249	10	-0.002237	-0.003279	-0.005920
250	10	-0.002237	-0.003279	-0.005920
251	10	0.003230	0.010061	-0.003006
252	10	0.003230	0.010061	-0.003006
253	10	-0.002457	0.008646	-0.003573
254	10	0.000626	0.000835	-0.006132
255	10	0.001816	-0.001299	-0.006230
256	10	0.001194	0.000792	-0.006218
257	10	0.002569	0.000389	-0.005885
258	10	-0.002457	0.008646	-0.003573
259	10	-0.000601	0.001474	-0.005644
260	10	-0.001692	0.002837	-0.004587
261	10	-0.001692	0.002837	-0.004587
262	11	-0.002618	-0.000325	-0.004244
263	11	-0.002613	0.001805	-0.003105
264	11	0.002364	-0.003273	-0.005887
265	11	0.002364	-0.003273	-0.005887
266	11	0.002364	-0.003273	-0.005887
267	11	-0.003320	0.010054	-0.003053
268	11	-0.003320	0.010054	-0.003053
269	11	0.002485	0.008652	-0.003537
270	11	-0.000574	0.000834	-0.006140
271	11	-0.001771	-0.001303	-0.006255
272	11	-0.001151	0.000789	-0.006235
273	11	-0.002553	0.000383	-0.005922
274	11	0.002485	0.008652	-0.003537
275	11	0.000665	0.001475	-0.005635
276	11	0.001755	0.002841	-0.004563
277	11	0.001755	0.002841	-0.004563
278	12	-0.016036	0.026627	-0.006974
279	12	-0.016319	0.026371	-0.007943
280	12	-0.018555	0.029689	-0.010532
281	12	-0.024488	0.036519	-0.012530
282	12	-0.000816	-0.007665	-0.011686
283	12	-0.000816	-0.007665	-0.011686
284	12	-0.004876	-0.006585	-0.010867
285	12	-0.003861	-0.006855	-0.011071
286	12	-0.010966	-0.004964	-0.009637
287	12	-0.010966	-0.004964	-0.009637
288	12	-0.009847	-0.003283	-0.009263
289	12	-0.051588	-0.103961	-0.058544
290	12	-0.030949	-0.092315	-0.039205
291	12	-0.035782	-0.057473	-0.020338
292	12	-0.032268	-0.004212	-0.012566
293	12	-0.010966	-0.004964	-0.009637
294	12	-0.017496	0.031968	-0.005121
295	12	-0.041771	-0.101454	-0.082692
296	13	-0.016271	0.026744	-0.006976
297	13	-0.016616	0.026496	-0.007946
298	13	-0.018805	0.029886	-0.010536
299	13	-0.025104	0.036594	-0.012532
300	13	-0.001389	-0.007670	-0.011686
301	13	-0.001389	-0.007670	-0.011686
302	13	0.002195	-0.006525	-0.010862
303	13	0.001299	-0.006811	-0.011068
304	13	0.007571	-0.004808	-0.009625
305	13	0.007571	-0.004808	-0.009625
306	13	0.007164	-0.003156	-0.009238
307	13	-0.051380	-0.108736	-0.058537
308	13	0.014882	-0.097975	-0.039206
309	13	0.023372	-0.063826	-0.019911
310	13	0.026116	-0.008283	-0.012072
311	13	0.002732	-0.000258	-0.009797
312	14	0.003524	-0.001529	-0.006575
313	14	-0.005372	0.003442	-0.007768
314	14	-0.052330	-0.005775	-0.015451
315	14	-0.031384	0.022965	-0.012709
316	14	-0.020532	0.002710	-0.012322
317	14	0.001856	-0.060503	-0.013454
318	14	-0.036197	-0.028088	-0.014843
319	14	-0.044392	0.013327	-0.014170
320	14	-0.054832	-0.095148	-0.021913
321	14	-0.076018	-0.104613	-0.043843
322	14	-0.040476	-0.067487	-0.029012
323	14	-0.039508	-0.096251	-0.016042
324	14	-0.078775	-0.099466	-0.043942
325	14	-0.054813	-0.095898	-0.021912
326	14	-0.039481	-0.097342	-0.016041
327	15	-0.011257	0.005751	-0.006902
328	15	0.005532	0.003454	-0.007690
329	15	0.036465	-0.013645	-0.014811
330	15	0.020765	0.013069	-0.012033
331	15	0.007768	0.015217	-0.012496
332	15	-0.002051	-0.068751	-0.013948
333	15	0.014533	-0.038684	-0.014475
334	15	0.021070	0.001770	-0.013691
335	15	-0.064190	-0.104983	-0.022246
336	15	0.055095	-0.115319	-0.042901
337	15	0.025460	-0.081354	-0.029285
338	15	-0.052479	-0.109904	-0.016504
339	15	0.052516	-0.112895	-0.042993
340	16	-0.000646	0.026157	-0.000023
341	16	-0.013972	0.026079	-0.000498
342	16	0.012663	0.026926	0.000451
343	16	-0.013926	0.025994	-0.000496
344	16	-0.013921	0.025984	-0.000496
345	16	0.000000	0.000000	0.000000
346	16	0.000000	0.000000	0.000000
347	16	0.000000	0.000000	0.000000
348	16	0.000000	0.000000	0.000000
349	16	0.000000	0.000000	0.000000
350	16	0.000000	0.000000	0.000000
351	16	0.000000	0.000000	0.000000
352	16	0.000000	0.000000	0.000000
353	16	0.000000	0.000000	0.000000
354	16	-0.000648	0.026216	-0.000023
355	16	0.000000	0.000000	0.000000
356	16	0.000000	0.000000	0.000000
357	17	-0.013468	0.012662	-0.000480
358	17	-0.013396	0.012595	-0.000477
359	17	-0.013381	0.012580	-0.000477
360	17	-0.013442	0.012637	-0.000479
361	17	-0.000322	0.013028	-0.000011
362	17	-0.015579	0.014646	-0.000555
363	17	0.000000	0.000000	0.000000
364	17	0.000000	0.000000	0.000000
365	17	0.000000	0.000000	0.000000
366	17	0.000000	0.000000	0.000000
367	17	0.000000	0.000000	0.000000
368	17	0.000000	0.000000	0.000000
369	17	0.000000	0.000000	0.000000
370	17	0.000000	0.000000	0.000000
371	18	0.000000	0.000000	0.000000
372	18	0.000000	0.000000	0.000000
373	18	0.000000	0.000000	0.000000
374	18	0.000000	0.000000	0.000000
375	18	0.000000	0.000000	0.000000
376	18	0.000000	0.000000	0.000000
377	18	0.000000	0.000000	0.000000
378	18	0.000000	0.000000	0.000000
379	18	0.000000	0.000000	0.000000
380	18	0.000000	0.000000	0.000000
381	18	0.000000	0.000000	0.000000
382	18	0.000000	0.000000	0.000000
383	18	0.000000	0.000000	0.000000
384	18	-0.013786	0.025732	-0.000491
385	18	-0.013786	0.025732	-0.000491
386	18	0.012494	0.026567	0.000445
387	18	-0.013786	0.025732	-0.000491
388	18	-0.000646	0.026150	-0.000023
389	18	0.000000	0.000000	0.000000
390	18	-0.000646	0.026150	-0.000023
391	19	0.000000	0.000000	0.000000
392	19	0.000000	0.000000	0.000000
393	19	0.000000	0.000000	0.000000
394	19	0.000000	0.000000	0.000000
395	19	0.000000	0.000000	0.000000
396	19	0.000000	0.000000	0.000000
397	19	0.000000	0.000000	0.000000
398	19	0.000000	0.000000	0.000000
399	19	0.000000	0.000000	0.000000
400	19	0.000000	0.000000	0.000000
401	19	0.000000	0.000000	0.000000
402	19	0.000000	0.000000	0.000000
403	19	-0.013463	0.012658	-0.000480
404	19	-0.000323	0.013075	-0.000012
405	19	-0.013463	0.012658	-0.000480
406	19	-0.013463	0.012658	-0.000480
407	19	-0.013463	0.012658	-0.000480
408	19	-0.013463	0.012658	-0.000480
409	20	0.000000	0.000000	0.000000
410	20	0.000000	0.000000	0.000000
411	20	0.000000	0.000000	0.000000
412	20	0.000000	0.000000	0.000000
413	20	0.000000	0.000000	0.000000
414	20	0.000000	0.000000	0.000000
415	20	0.000000	0.000000	0.000000
416	20	0.000000	0.000000	0.000000
417	20	0.000000	0.000000	0.000000
418	20	0.000000	0.000000	0.000000
419	20	0.000000	0.000000	0.000000
420	20	0.000000	0.000000	0.000000
421	20	0.000000	0.000000	0.000000
422	20	0.000000	0.000000	0.000000
423	20	0.000000	0.000000	0.000000
424	20	0.000000	0.000000	0.000000
425	20	0.000000	0.000000	0.000000
426	20	0.000000	0.000000	0.000000
427	20	0.000000	0.000000	0.000000
428	20	0.000000	0.000000	0.000000
429	20	0.000000	0.000000	0.000000
430	20	0.000000	0.000000	0.000000
431	20	0.000000	0.000000	0.000000
432	20	0.000000	0.000000	0.000000
433	20	0.000000	0.000000	0.000000
434	21	0.000000	0.000000	0.000000
435	21	0.000000	0.000000	0.000000
436	21	0.000000	0.000000	0.000000
437	21	0.000000	0.000000	0.000000
438	21	0.000000	0.000000	0.000000
439	21	0.000000	0.000000	0.000000
440	21	0.000000	0.000000	0.000000
441	21	0.000000	0.000000	0.000000
442	21	0.000000	0.000000	0.000000
443	21	0.000000	0.000000	0.000000
444	21	0.000000	0.000000	0.000000
445	21	0.000000	0.000000	0.000000
446	21	0.000000	0.000000	0.000000
447	21	0.000000	0.000000	0.000000
448	21	0.000000	0.000000	0.000000
449	21	0.000000	0.000000	0.000000
450	21	0.000000	0.000000	0.000000
451	21	0.000000	0.000000	0.000000
452	21	0.000000	0.000000	0.000000
453	21	0.000000	0.000000	0.000000
454	21	0.000000	0.000000	0.000000
455	21	0.000000	0.000000	0.000000
456	21	0.000000	0.000000	0.000000
457	21	0.000000	0.000000	0.000000
458	21	0.000000	0.000000	0.000000
459	22	0.000000	0.000000	0.000000
460	22	0.000000	0.000000	0.000000
461	22	0.000000	0.000000	0.000000
462	22	0.000000	0.000000	0.000000
463	22	0.000000	0.000000	0.000000
464	22	0.000000	0.000000	0.000000
465	22	0.000000	0.000000	0.000000
466	22	0.000000	0.000000	0.000000
467	22	0.000000	0.000000	0.000000
468	22	0.000000	0.000000	0.000000
469	22	0.000000	0.000000	0.000000
470	22	0.000000	0.000000	0.000000
471	22	0.000000	0.000000	0.000000
472	22	0.000000	0.000000	0.000000
473	22	0.000000	0.000000	0.000000
474	22	0.000000	0.000000	0.000000
475	22	0.000000	0.000000	0.000000
476	22	0.000000	0.000000	0.000000
477	22	0.000000	0.000000	0.000000
478	22	0.000000	0.000000	0.000000
479	22	0.000000	0.000000	0.000000
480	22	0.000000	0.000000	0.000000
481	22	0.000000	0.000000	0.000000
482	22	0.000000	0.000000	0.000000
483	22	0.000000	0.000000	0.000000
484	22	0.000000	0.000000	0.000000
485	22	0.000000	0.000000	0.000000
486	22	0.000000	0.000000	0.000000
487	22	0.000000	0.000000	0.000000
488	22	0.000000	0.000000	0.000000
489	22	0.000000	0.000000	0.000000
490	22	0.000000	0.000000	0.000000
491	22	0.000000	0.000000	0.000000
492	22	0.000000	0.000000	0.000000
493	22	0.000000	0.000000	0.000000
494	22	0.000000	0.000000	0.000000
495	22	0.000000	0.000000	0.000000
496	22	0.000000	0.000000	0.000000
497	22	0.000000	0.000000	0.000000
498	22	0.000000	0.000000	0.000000
499	22	0.000000	0.000000	0.000000
500	22	0.000000	0.000000	0.000000
501	23	0.000000	0.000000	0.000000
502	23	0.000000	0.000000	0.000000
503	23	0.000000	0.000000	0.000000
504	23	0.000000	0.000000	0.000000
505	23	0.000000	0.000000	0.000000
506	23	0.000000	0.000000	0.000000
507	23	0.000000	0.000000	0.000000
508	23	0.000000	0.000000	0.000000
509	23	0.000000	0.000000	0.000000
510	23	0.000000	0.000000	0.000000
511	23	0.000000	0.000000	0.000000
512	23	0.000000	0.000000	0.000000
513	23	0.000000	0.000000	0.000000
514	23	0.000000	0.000000	0.000000
515	23	0.000000	0.000000	0.000000
516	23	0.000000	0.000000	0.000000
517	23	0.000000	0.000000	0.000000
518	23	0.000000	0.000000	0.000000
519	23	0.000000	0.000000	0.000000
520	23	0.000000	0.000000	0.000000
521	23	0.000000	0.000000	0.000000
522	23	0.000000	0.000000	0.000000
523	23	0.000000	0.000000	0.000000
524	23	0.000000	0.000000	0.000000
525	23	0.000000	0.000000	0.000000
526	23	0.000000	0.000000	0.000000
527	23	0.000000	0.000000	0.000000
528	23	0.000000	0.000000	0.000000
529	23	0.000000	0.000000	0.000000
530	23	0.000000	0.000000	0.000000
531	23	0.000000	0.000000	0.000000
532	23	0.000000	0.000000	0.000000
533	23	0.000000	0.000000	0.000000
534	23	0.000000	0.000000	0.000000
535	23	0.000000	0.000000	0.000000
536	23	0.000000	0.000000	0.000000
537	23	0.000000	0.000000	0.000000
538	23	0.000000	0.000000	0.000000
539	23	0.000000	0.000000	0.000000
540	23	0.000000	0.000000	0.000000
541	23	0.000000	0.000000	0.000000
542	23	0.000000	0.000000	0.000000
543	25	0.000000	0.000000	0.000000
544	25	0.000000	0.000000	0.000000
545	25	0.000000	0.000000	0.000000
546	25	0.000000	0.000000	0.000000
547	25	0.000000	0.000000	0.000000
548	25	0.000000	0.000000	0.000000
549	25	0.000000	0.000000	0.000000
550	25	0.000000	0.000000	0.000000
551	25	0.000000	0.000000	0.000000
552	25	0.000000	0.000000	0.000000
553	25	0.000000	0.000000	0.000000
554	25	0.000000	0.000000	0.000000
555	25	0.000000	0.000000	0.000000
556	25	0.000000	0.000000	0.000000
557	25	0.000000	0.000000	0.000000
558	25	0.000000	0.000000	0.000000
559	25	0.000000	0.000000	0.000000
560	25	0.000000	0.000000	0.000000
561	25	0.000000	0.000000	0.000000
562	25	0.000000	0.000000	0.000000
563	25	0.000000	0.000000	0.000000
564	25	0.000000	0.000000	0.000000
565	25	0.000000	0.000000	0.000000
566	25	0.000000	0.000000	0.000000
567	25	0.000000	0.000000	0.000000
568	25	0.000000	0.000000	0.000000
569	25	0.000000	0.000000	0.000000
570	25	0.000000	0.000000	0.000000
571	25	0.000000	0.000000	0.000000
572	25	0.000000	0.000000	0.000000
573	25	0.000000	0.000000	0.000000
574	25	0.000000	0.000000	0.000000
575	25	0.000000	0.000000	0.000000
576	25	0.000000	0.000000	0.000000
577	25	0.000000	0.000000	0.000000
578	25	0.000000	0.000000	0.000000
579	25	0.000000	0.000000	0.000000
580	25	0.000000	0.000000	0.000000
581	25	0.000000	0.000000	0.000000
582	25	0.000000	0.000000	0.000000
583	25	0.000000	0.000000	0.000000
584	25	0.000000	0.000000	0.000000
585	25	0.000000	0.000000	0.000000
586	25	0.000000	0.000000	0.000000
587	25	0.000000	0.000000	0.000000
588	25	0.000000	0.000000	0.000000
589	25	0.000000	0.000000	0.000000
590	25	0.000000	0.000000	0.000000
591	25	0.000000	0.000000	0.000000
592	25	0.000000	0.000000	0.000000
593	25	0.000000	0.000000	0.000000
594	25	0.000000	0.000000	0.000000
595	25	0.000000	0.000000	0.000000
596	25	0.000000	0.000000	0.000000
597	25	0.000000	0.000000	0.000000
598	25	0.000000	0.000000	0.000000
599	25	0.000000	0.000000	0.000000
600	25	0.000000	0.000000	0.000000
601	25	0.000000	0.000000	0.000000
602	25	0.000000	0.000000	0.000000
603	25	0.000000	0.000000	0.000000
604	25	0.000000	0.000000	0.000000
605	25	0.000000	0.000000	0.000000
606	25	0.000000	0.000000	0.000000
607	25	0.000000	0.000000	0.000000
608	25	0.000000	0.000000	0.000000
609	25	0.000000	0.000000	0.000000
610	25	0.000000	0.000000	0.000000
611	25	0.000000	0.000000	0.000000
612	25	0.000000	0.000000	0.000000
613	25	0.000000	0.000000	0.000000
614	25	0.000000	0.000000	0.000000
615	25	0.000000	0.000000	0.000000
616	25	0.000000	0.000000	0.000000
617	25	0.000000	0.000000	0.000000
618	25	0.000000	0.000000	0.000000
619	25	0.000000	0.000000	0.000000
620	25	0.000000	0.000000	0.000000
621	25	0.000000	0.000000	0.000000
622	25	0.000000	0.000000	0.000000
623	25	0.000000	0.000000	0.000000
624	25	0.000000	0.000000	0.000000
625	25	0.000000	0.000000	0.000000
626	25	0.000000	0.000000	0.000000
627	25	0.000000	0.000000	0.000000
628	25	0.000000	0.000000	0.000000
629	25	0.000000	0.000000	0.000000
630	25	0.000000	0.000000	0.000000
631	25	0.000000	0.000000	0.000000
632	25	0.000000	0.000000	0.000000
633	25	0.000000	0.000000	0.000000
634	25	0.000000	0.000000	0.000000
635	25	0.000000	0.000000	0.000000
636	25	0.000000	0.000000	0.000000
637	25	0.000000	0.000000	0.000000
638	25	0.000000	0.000000	0.000000
639	25	0.000000	0.000000	0.000000
640	25	0.000000	0.000000	0.000000
641	25	0.000000	0.000000	0.000000
642	25	0.000000	0.000000	0.000000
643	25	0.000000	0.000000	0.000000
644	25	0.000000	0.000000	0.000000
645	25	0.000000	0.000000	0.000000
646	25	0.000000	0.000000	0.000000
647	25	0.000000	0.000000	0.000000
648	25	0.000000	0.000000	0.000000
649	25	0.000000	0.000000	0.000000
650	25	0.000000	0.000000	0.000000
651	25	0.000000	0.000000	0.000000
652	25	0.000000	0.000000	0.000000
653	25	0.000000	0.000000	0.000000
654	25	0.000000	0.000000	0.000000
655	25	0.000000	0.000000	0.000000
656	25	0.000000	0.000000	0.000000
657	25	0.000000	0.000000	0.000000
658	25	0.000000	0.000000	0.000000
659	25	0.000000	0.000000	0.000000
660	25	0.000000	0.000000	0.000000
661	25	0.000000	0.000000	0.000000
662	25	0.000000	0.000000	0.000000
663	25	0.000000	0.000000	0.000000
664	25	0.000000	0.000000	0.000000
665	25	0.000000	0.000000	0.000000
666	25	0.000000	0.000000	0.000000
667	25	0.000000	0.000000	0.000000
668	25	0.000000	0.000000	0.000000
669	25	0.000000	0.000000	0.000000
670	25	0.000000	0.000000	0.000000
671	25	0.000000	0.000000	0.000000
672	25	0.000000	0.000000	0.000000
673	25	0.000000	0.000000	0.000000
674	26	0.000000	0.000000	0.000000
675	26	0.000000	0.000000	0.000000
676	26	0.000000	0.000000	0.000000
677	26	0.000000	0.000000	0.000000
678	26	0.000000	0.000000	0.000000
679	26	0.000000	0.000000	0.000000
680	26	0.000000	0.000000	0.000000
681	26	0.000000	0.000000	0.000000
682	26	0.000000	0.000000	0.000000
683	26	0.000000	0.000000	0.000000
684	26	0.000000	0.000000	0.000000
685	26	0.000000	0.000000	0.000000
686	26	0.000000	0.000000	0.000000
687	26	0.000000	0.000000	0.000000
688	26	0.000000	0.000000	0.000000
689	26	0.000000	0.000000	0.000000
690	26	0.000000	0.000000	0.000000
691	26	0.000000	0.000000	0.000000
692	26	0.000000	0.000000	0.000000
693	26	0.000000	0.000000	0.000000
694	26	0.000000	0.000000	0.000000
695	26	0.000000	0.000000	0.000000
696	26	0.000000	0.000000	0.000000
697	26	0.000000	0.000000	0.000000
698	26	0.000000	0.000000	0.000000
699	26	0.000000	0.000000	0.000000
700	26	0.000000	0.000000	0.000000
701	26	0.000000	0.000000	0.000000
702	26	0.000000	0.000000	0.000000
703	26	0.000000	0.000000	0.000000
704	26	0.000000	0.000000	0.000000
705	26	0.000000	0.000000	0.000000
706	26	0.000000	0.000000	0.000000
707	26	0.000000	0.000000	0.000000
708	26	0.000000	0.000000	0.000000
709	26	0.000000	0.000000	0.000000
710	26	0.000000	0.000000	0.000000
711	26	0.000000	0.000000	0.000000
712	26	0.000000	0.000000	0.000000
713	26	0.000000	0.000000	0.000000
714	26	0.000000	0.000000	0.000000
715	26	0.000000	0.000000	0.000000
716	26	0.000000	0.000000	0.000000
717	26	0.000000	0.000000	0.000000
718	26	0.000000	0.000000	0.000000
719	26	0.000000	0.000000	0.000000
720	26	0.000000	0.000000	0.000000
721	26	0.000000	0.000000	0.000000
722	26	0.000000	0.000000	0.000000
723	26	0.000000	0.000000	0.000000
724	26	0.000000	0.000000	0.000000
725	26	0.000000	0.000000	0.000000
726	26	0.000000	0.000000	0.000000
727	26	0.000000	0.000000	0.000000
728	26	0.000000	0.000000	0.000000
729	26	0.000000	0.000000	0.000000
730	26	0.000000	0.000000	0.000000
731	26	0.000000	0.000000	0.000000
732	26	0.000000	0.000000	0.000000
733	26	0.000000	0.000000	0.000000
734	26	0.000000	0.000000	0.000000
735	26	0.000000	0.000000	0.000000
736	26	0.000000	0.000000	0.000000
737	26	0.000000	0.000000	0.000000
738	26	0.000000	0.000000	0.000000
739	26	0.000000	0.000000	0.000000
740	26	0.000000	0.000000	0.000000
741	26	0.000000	0.000000	0.000000
742	26	0.000000	0.000000	0.000000
743	26	0.000000	0.000000	0.000000
744	26	0.000000	0.000000	0.000000
745	26	0.000000	0.000000	0.000000
746	26	0.000000	0.000000	0.000000
747	26	0.000000	0.000000	0.000000
748	26	0.000000	0.000000	0.000000
749	26	0.000000	0.000000	0.000000
750	26	0.000000	0.000000	0.000000
751	26	0.000000	0.000000	0.000000
752	26	0.000000	0.000000	0.000000
753	26	0.000000	0.000000	0.000000
754	26	0.000000	0.000000	0.000000
755	26	0.000000	0.000000	0.000000
756	26	0.000000	0.000000	0.000000
757	26	0.000000	0.000000	0.000000
758	26	0.000000	0.000000	0.000000
759	26	0.000000	0.000000	0.000000
760	26	0.000000	0.000000	0.000000
761	26	0.000000	0.000000	0.000000
762	26	0.000000	0.000000	0.000000
763	26	0.000000	0.000000	0.000000
764	26	0.000000	0.000000	0.000000
765	26	0.000000	0.000000	0.000000
766	26	0.000000	0.000000	0.000000
767	26	0.000000	0.000000	0.000000
768	26	0.000000	0.000000	0.000000
769	26	0.000000	0.000000	0.000000
770	26	0.000000	0.000000	0.000000
771	26	0.000000	0.000000	0.000000
772	26	0.000000	0.000000	0.000000
773	26	0.000000	0.000000	0.000000
774	26	0.000000	0.000000	0.000000
775	26	0.000000	0.000000	0.000000
776	26	0.000000	0.000000	0.000000
777	26	0.000000	0.000000	0.000000
778	26	0.000000	0.000000	0.000000
779	26	0.000000	0.000000	0.000000
780	26	0.000000	0.000000	0.000000
781	26	0.000000	0.000000	0.000000
782	26	0.000000	0.000000	0.000000
783	26	0.000000	0.000000	0.000000
784	26	0.000000	0.000000	0.000000
785	26	0.000000	0.000000	0.000000
786	26	0.000000	0.000000	0.000000
