#AU6 - Cheek Raiser
0	1	-0.013927	0.042775	-0.032108
1	1	-0.013479	0.047100	-0.036662
2	1	-0.012881	0.052865	-0.042733
3	1	-0.012432	0.057190	-0.047286
4	1	-0.026148	0.070731	-0.040867
5	1	-0.013927	0.042775	-0.032108
6	1	-0.013479	0.047100	-0.036662
7	1	-0.012432	0.057190	-0.047286
8	1	-0.012432	0.057190	-0.047286
9	1	-0.026148	0.070731	-0.040867
10	1	-0.013628	0.045658	-0.035144
11	1	-0.013180	0.049982	-0.039697
12	1	-0.018367	0.058282	-0.040165
13	1	-0.029040	0.071998	-0.038066
14	1	-0.013181	0.048347	0.002099
15	1	-0.019110	0.056331	-0.006023
16	1	-0.022075	0.060322	-0.010084
17	1	-0.028004	0.068306	-0.018205
18	1	-0.016146	0.052339	-0.001962
19	1	-0.019110	0.056331	-0.006023
20	1	-0.025040	0.064314	-0.014144
21	1	-0.029947	0.067862	-0.022882
22	1	-0.016146	0.052339	-0.001962
23	1	-0.025040	0.064314	-0.014144
24	1	-0.028004	0.068306	-0.018205
25	1	-0.030969	0.072297	-0.022266
26	1	-0.033934	0.076289	-0.026327
27	1	-0.010216	0.044356	0.006160
28	1	-0.006720	0.037384	-0.004302
29	1	-0.004455	0.035743	-0.005258
30	1	-0.010384	0.043726	-0.013380
31	1	-0.017754	0.053863	-0.018647
32	1	-0.039863	0.084272	-0.034448
33	1	-0.013927	0.042775	-0.032108
34	1	-0.013927	0.042775	-0.032108
35	1	-0.013927	0.042775	-0.032108
36	1	-0.009195	0.039920	0.005544
37	1	-0.009195	0.039920	0.005544
38	1	-0.010216	0.044356	0.006160
39	1	-0.010216	0.044356	0.006160
40	2	-0.013927	0.042775	-0.032108
41	2	-0.006019	0.047100	-0.036662
42	2	0.004524	0.052865	-0.042733
43	2	0.012432	0.057190	-0.047286
44	2	0.026148	0.070731	-0.040867
45	2	-0.013927	0.042775	-0.032108
46	2	-0.006019	0.047100	-0.036662
47	2	0.012432	0.057190	-0.047286
48	2	0.012432	0.057190	-0.047286
49	2	0.026148	0.070731	-0.040867
50	2	-0.008655	0.045658	-0.035144
51	2	-0.000747	0.049982	-0.039697
52	2	0.010011	0.058282	-0.040165
53	2	0.026255	0.071998	-0.038066
54	2	-0.005209	0.048347	0.002099
55	2	0.004807	0.056331	-0.006023
56	2	0.009815	0.060322	-0.010084
57	2	0.019831	0.068306	-0.018205
58	2	-0.000201	0.052339	-0.001962
59	2	0.004807	0.056331	-0.006023
60	2	0.014823	0.064314	-0.014144
61	2	0.025861	0.067862	-0.022882
62	2	-0.000201	0.052339	-0.001962
63	2	0.014823	0.064314	-0.014144
64	2	0.019831	0.068306	-0.018205
65	2	0.024839	0.072297	-0.022266
66	2	0.029847	0.076289	-0.026327
67	2	-0.010216	0.044356	0.006160
68	2	0.000577	0.037357	-0.004355
69	2	0.000350	0.035707	-0.005329
70	2	0.010366	0.043690	-0.013450
71	2	0.017740	0.053836	-0.018700
72	2	0.039863	0.084272	-0.034448
73	3	-0.009788	-0.003039	0.006257
74	3	-0.009788	-0.003039	0.006257
75	3	-0.009788	-0.003039	0.006257
76	3	-0.009788	-0.003039	0.006257
77	3	-0.009788	-0.003039	0.006257
78	3	-0.006282	0.007581	0.000181
79	3	0.012923	0.008259	0.005810
80	3	0.006304	0.007626	0.000270
81	3	-0.014038	0.037472	0.003616
82	3	-0.014038	0.037472	0.003616
83	3	0.014089	0.037573	0.003816
84	3	0.014089	0.037573	0.003816
85	3	-0.032531	0.058866	-0.005207
86	3	-0.022480	0.016934	-0.008128
87	3	-0.012429	-0.024998	-0.011048
88	3	0.010110	0.017051	-0.007897
89	3	0.032648	0.059101	-0.004745
90	3	-0.032531	0.058866	-0.005207
91	3	-0.022480	0.016934	-0.008128
92	3	-0.012429	-0.024998	-0.011048
93	3	0.010110	0.017051	-0.007897
94	3	0.032648	0.059101	-0.004745
95	3	-0.022480	0.016934	-0.008128
96	3	-0.022480	0.016934	-0.008128
97	3	-0.012429	-0.024998	-0.011048
98	3	0.010110	0.017051	-0.007897
99	3	0.010110	0.017051	-0.007897
100	4	0.012923	0.008259	0.005810
101	4	-0.008777	0.002128	0.005776
102	4	-0.014173	0.006620	0.005623
103	4	0.024778	0.012066	0.005373
104	4	0.003725	0.010490	0.012828
105	4	0.003725	0.010490	0.012828
106	4	0.020349	-0.011431	0.019845
107	4	-0.010905	-0.001992	0.015955
108	4	0.014798	0.005894	0.005702
109	4	0.028771	0.014534	0.005241
110	4	0.024778	0.012066	0.005373
111	4	0.028771	0.014534	0.005241
112	4	0.001263	0.028096	0.021299
113	4	0.033920	0.031835	0.037257
114	4	-0.010905	-0.001992	0.015955
115	4	-0.009788	-0.003039	0.006257
116	4	0.027030	0.004971	0.010213
117	4	0.027900	0.009753	0.007727
118	4	0.028422	0.012622	0.006235
119	4	0.028771	0.014534	0.005241
120	4	0.030315	0.019725	0.014845
121	4	0.032375	0.026645	0.027652
122	4	0.033920	0.031835	0.037257
123	4	0.052664	0.027367	0.033454
124	4	0.052664	0.027367	0.033454
125	4	0.052664	0.027367	0.033454
126	4	0.052664	0.027367	0.033454
127	4	0.052664	0.027367	0.033454
128	4	0.008621	0.000966	0.008235
129	4	0.009561	0.006677	0.005226
130	4	0.052664	0.027367	0.033454
131	4	0.052664	0.027367	0.033454
132	4	0.003740	0.079127	0.036538
133	4	0.003740	0.079127	0.036538
134	4	0.012923	0.008259	0.005810
135	5	0.012923	0.008259	0.005810
136	5	0.008809	0.002191	0.005900
137	5	-0.001863	0.006665	0.005710
138	5	-0.019650	0.014120	0.005394
139	5	-0.019826	0.010405	0.012660
140	5	-0.019826	0.010405	0.012660
141	5	-0.020423	-0.011578	0.019555
142	5	0.010944	-0.001914	0.016110
143	5	-0.001863	0.006665	0.005710
144	5	-0.026764	0.017102	0.005267
145	5	-0.019650	0.014120	0.005394
146	5	-0.026764	0.017102	0.005267
147	5	-0.026504	0.029380	0.021312
148	5	-0.026244	0.041658	0.037357
149	5	0.010944	-0.001914	0.016110
150	5	-0.009788	-0.003039	0.006257
151	5	-0.024824	0.007794	0.010242
152	5	-0.025794	0.012448	0.007754
153	5	-0.026376	0.015241	0.006262
154	5	-0.026764	0.017102	0.005267
155	5	-0.026608	0.024469	0.014894
156	5	-0.026400	0.034291	0.027730
157	5	-0.026244	0.041658	0.037357
158	5	-0.045463	0.036583	0.033548
159	5	-0.045463	0.036583	0.033548
160	5	-0.045463	0.036583	0.033548
161	5	-0.045463	0.036583	0.033548
162	5	-0.045463	0.036583	0.033548
163	5	-0.017306	0.002377	0.008249
164	5	-0.008289	0.008306	0.005242
165	5	-0.045463	0.036583	0.033548
166	5	-0.045463	0.036583	0.033548
167	5	0.005789	0.091321	0.036662
168	5	0.005789	0.091321	0.036662
169	6	-0.016285	0.005956	0.001756
170	6	-0.016285	0.005956	0.001756
171	6	-0.016285	0.005956	0.001756
172	6	-0.016285	0.005956	0.001756
173	6	-0.009574	0.000723	0.006257
174	6	-0.009574	0.000723	0.006257
175	6	-0.013254	-0.007706	0.006230
176	6	-0.013254	-0.007706	0.006230
177	6	-0.008777	0.002128	0.005776
178	6	-0.008777	0.002128	0.005776
179	6	-0.008777	0.002128	0.005776
180	6	-0.012375	0.005123	0.005674
181	6	0.016792	0.007656	0.016068
182	6	-0.009574	0.000723	0.006257
183	6	0.020349	-0.011431	0.019845
184	6	-0.010905	-0.001992	0.015955
185	6	-0.010905	-0.001992	0.015955
186	6	-0.010905	-0.001992	0.015955
187	6	-0.010905	-0.001992	0.015955
188	6	-0.010905	-0.001992	0.015955
189	6	0.000000	0.000000	0.000000
190	6	0.012923	0.008259	0.005810
191	6	0.012923	0.008259	0.005810
192	7	0.016344	0.006073	0.001987
193	7	0.016344	0.006073	0.001987
194	7	0.016344	0.006073	0.001987
195	7	0.016344	0.006073	0.001987
196	7	0.009608	0.000792	0.006394
197	7	0.009608	0.000792	0.006394
198	7	0.013302	-0.007610	0.006419
199	7	0.013302	-0.007610	0.006419
200	7	0.008809	0.002191	0.005900
201	7	0.008809	0.002191	0.005900
202	7	0.008809	0.002191	0.005900
203	7	0.001695	0.005173	0.005774
204	7	-0.016852	0.007535	0.015829
205	7	0.009608	0.000792	0.006394
206	7	-0.020423	-0.011578	0.019555
207	7	0.010944	-0.001914	0.016110
208	7	0.010944	-0.001914	0.016110
209	7	0.010944	-0.001914	0.016110
210	7	0.010944	-0.001914	0.016110
211	7	0.010944	-0.001914	0.016110
212	7	0.000000	0.000000	0.000000
213	8	0.000000	0.000000	0.000000
214	8	0.000000	0.000000	0.000000
215	8	0.000000	0.000000	0.000000
216	8	0.000000	0.000000	0.000000
217	8	0.000000	0.000000	0.000000
218	8	0.000000	0.000000	0.000000
219	8	0.000000	0.000000	0.000000
220	8	0.000000	0.000000	0.000000
221	8	0.000000	0.000000	0.000000
222	8	0.000000	0.000000	0.000000
223	8	0.000000	0.000000	0.000000
224	8	0.000000	0.000000	0.000000
225	8	0.000000	0.000000	0.000000
226	8	0.000000	0.000000	0.000000
227	8	0.000000	0.000000	0.000000
228	8	0.000000	0.000000	0.000000
229	8	0.000000	0.000000	0.000000
230	8	0.000000	0.000000	0.000000
231	9	0.000000	0.000000	0.000000
232	9	0.000000	0.000000	0.000000
233	9	0.000000	0.000000	0.000000
234	9	0.000000	0.000000	0.000000
235	9	0.000000	0.000000	0.000000
236	9	0.000000	0.000000	0.000000
237	9	0.000000	0.000000	0.000000
238	9	0.000000	0.000000	0.000000
239	9	0.000000	0.000000	0.000000
240	9	0.000000	0.000000	0.000000
241	9	0.000000	0.000000	0.000000
242	9	0.000000	0.000000	0.000000
243	9	0.000000	0.000000	0.000000
244	9	0.000000	0.000000	0.000000
245	9	0.000000	0.000000	0.000000
246	10	-0.006282	0.007581	0.000181
247	10	-0.014038	0.037472	0.003616
248	10	0.037588	0.084381	0.031696
249	10	0.037588	0.084381	0.031696
250	10	0.037588	0.084381	0.031696
251	10	-0.027541	0.094532	0.046264
252	10	-0.027541	0.094532	0.046264
253	10	-0.020260	0.065154	0.039672
254	10	-0.023073	0.066980	0.005603
255	10	0.014757	0.099434	0.048846
256	10	-0.013633	0.088143	0.031771
257	10	-0.022934	0.088704	0.023041
258	10	-0.020260	0.065154	0.039672
259	10	-0.027331	0.081195	0.033995
260	10	-0.028628	0.078417	0.028609
261	10	-0.028628	0.078417	0.028609
262	11	0.006304	0.007626	0.000270
263	11	0.014089	0.037573	0.003816
264	11	-0.037724	0.084110	0.031162
265	11	-0.037724	0.084110	0.031162
266	11	-0.037724	0.084110	0.031162
267	11	0.027641	0.094730	0.046656
268	11	0.027641	0.094730	0.046656
269	11	0.020333	0.065300	0.039960
270	11	0.023157	0.067146	0.005931
271	11	-0.014810	0.099328	0.048636
272	11	0.013682	0.088241	0.031964
273	11	0.023017	0.088870	0.023368
274	11	0.020333	0.065300	0.039960
275	11	0.027430	0.081392	0.034384
276	11	0.028732	0.078624	0.029016
277	11	0.028732	0.078624	0.029016
278	12	-0.015253	0.029823	-0.028923
279	12	-0.015845	0.032283	-0.029968
280	12	-0.016640	0.042326	-0.039250
281	12	-0.019845	0.067374	-0.042552
282	12	-0.019845	0.067374	-0.042552
283	12	-0.019845	0.067374	-0.042552
284	12	-0.027852	0.074133	-0.039311
285	12	-0.025851	0.072444	-0.040121
286	12	-0.039863	0.084272	-0.034448
287	12	-0.039863	0.084272	-0.034448
288	12	-0.037346	0.083261	-0.026255
289	12	-0.011542	0.028292	0.004282
290	12	-0.003671	0.028504	-0.003028
291	12	-0.004316	0.036487	-0.006145
292	12	-0.031987	0.072615	-0.022216
293	12	-0.039863	0.084272	-0.034448
294	12	-0.013178	0.008888	-0.021578
295	12	-0.010216	0.044356	0.006160
296	13	-0.003346	0.029823	-0.028923
297	13	0.000031	0.032283	-0.029968
298	13	0.009182	0.042326	-0.039250
299	13	0.019845	0.067374	-0.042552
300	13	0.019845	0.067374	-0.042552
301	13	0.019845	0.067374	-0.042552
302	13	0.027852	0.074133	-0.039311
303	13	0.025851	0.072444	-0.040121
304	13	0.039863	0.084272	-0.034448
305	13	0.039863	0.084272	-0.034448
306	13	0.037366	0.083300	-0.026178
307	13	-0.011542	0.028292	0.004282
308	13	-0.000410	0.028516	-0.003005
309	13	0.004332	0.036518	-0.006084
310	13	0.032031	0.072702	-0.022045
311	13	0.039863	0.084272	-0.034448
312	14	0.000000	0.000000	0.000000
313	14	0.000000	0.000000	0.000000
314	14	0.000000	0.000000	0.000000
315	14	0.000000	0.000000	0.000000
316	14	0.000000	0.000000	0.000000
317	14	0.000000	0.000000	0.000000
318	14	0.000000	0.000000	0.000000
319	14	0.000000	0.000000	0.000000
320	14	0.000000	0.000000	0.000000
321	14	0.000000	0.000000	0.000000
322	14	0.000000	0.000000	0.000000
323	14	0.000000	0.000000	0.000000
324	14	0.000000	0.000000	0.000000
325	14	0.000000	0.000000	0.000000
326	14	0.000000	0.000000	0.000000
327	15	0.000000	0.000000	0.000000
328	15	0.000000	0.000000	0.000000
329	15	0.000000	0.000000	0.000000
330	15	0.000000	0.000000	0.000000
331	15	0.000000	0.000000	0.000000
332	15	0.000000	0.000000	0.000000
333	15	0.000000	0.000000	0.000000
334	15	0.000000	0.000000	0.000000
335	15	0.000000	0.000000	0.000000
336	15	0.000000	0.000000	0.000000
337	15	0.000000	0.000000	0.000000
338	15	0.000000	0.000000	0.000000
339	15	0.000000	0.000000	0.000000
340	16	0.000000	0.000000	0.000000
341	16	0.000000	0.000000	0.000000
342	16	0.000000	0.000000	0.000000
343	16	0.000000	0.000000	0.000000
344	16	0.000000	0.000000	0.000000
345	16	0.000000	0.000000	0.000000
346	16	0.000000	0.000000	0.000000
347	16	0.000000	0.000000	0.000000
348	16	0.000000	0.000000	0.000000
349	16	0.000000	0.000000	0.000000
350	16	0.000000	0.000000	0.000000
351	16	0.000000	0.000000	0.000000
352	16	0.000000	0.000000	0.000000
353	16	0.000000	0.000000	0.000000
354	16	0.000000	0.000000	0.000000
355	16	0.000000	0.000000	0.000000
356	16	0.000000	0.000000	0.000000
357	17	0.000000	0.000000	0.000000
358	17	0.000000	0.000000	0.000000
359	17	0.000000	0.000000	0.000000
360	17	0.000000	0.000000	0.000000
361	17	0.000000	0.000000	0.000000
362	17	0.000000	0.000000	0.000000
363	17	0.000000	0.000000	0.000000
364	17	0.000000	0.000000	0.000000
365	17	0.000000	0.000000	0.000000
366	17	0.000000	0.000000	0.000000
367	17	0.000000	0.000000	0.000000
368	17	0.000000	0.000000	0.000000
369	17	0.000000	0.000000	0.000000
370	17	0.000000	0.000000	0.000000
371	18	0.000000	0.000000	0.000000
372	18	0.000000	0.000000	0.000000
373	18	0.000000	0.000000	0.000000
374	18	0.000000	0.000000	0.000000
375	18	0.000000	0.000000	0.000000
376	18	0.000000	0.000000	0.000000
377	18	0.000000	0.000000	0.000000
378	18	0.000000	0.000000	0.000000
379	18	0.000000	0.000000	0.000000
380	18	0.000000	0.000000	0.000000
381	18	0.000000	0.000000	0.000000
382	18	0.000000	0.000000	0.000000
383	18	0.000000	0.000000	0.000000
384	18	0.000000	0.000000	0.000000
385	18	0.000000	0.000000	0.000000
386	18	0.000000	0.000000	0.000000
387	18	0.000000	0.000000	0.000000
388	18	0.000000	0.000000	0.000000
389	18	0.000000	0.000000	0.000000
390	18	0.000000	0.000000	0.000000
391	19	0.000000	0.000000	0.000000
392	19	0.000000	0.000000	0.000000
393	19	0.000000	0.000000	0.000000
394	19	0.000000	0.000000	0.000000
395	19	0.000000	0.000000	0.000000
396	19	0.000000	0.000000	0.000000
397	19	0.000000	0.000000	0.000000
398	19	0.000000	0.000000	0.000000
399	19	0.000000	0.000000	0.000000
400	19	0.000000	0.000000	0.000000
401	19	0.000000	0.000000	0.000000
402	19	0.000000	0.000000	0.000000
403	19	0.000000	0.000000	0.000000
404	19	0.000000	0.000000	0.000000
405	19	0.000000	0.000000	0.000000
406	19	0.000000	0.000000	0.000000
407	19	0.000000	0.000000	0.000000
408	19	0.000000	0.000000	0.000000
409	20	0.000000	0.000000	0.000000
410	20	0.000000	0.000000	0.000000
411	20	0.000000	0.000000	0.000000
412	20	0.000000	0.000000	0.000000
413	20	0.000000	0.000000	0.000000
414	20	0.000000	0.000000	0.000000
415	20	0.000000	0.000000	0.000000
416	20	0.000000	0.000000	0.000000
417	20	0.000000	0.000000	0.000000
418	20	0.000000	0.000000	0.000000
419	20	0.000000	0.000000	0.000000
420	20	0.000000	0.000000	0.000000
421	20	0.000000	0.000000	0.000000
422	20	0.000000	0.000000	0.000000
423	20	0.000000	0.000000	0.000000
424	20	0.000000	0.000000	0.000000
425	20	0.000000	0.000000	0.000000
426	20	0.000000	0.000000	0.000000
427	20	0.000000	0.000000	0.000000
428	20	0.000000	0.000000	0.000000
429	20	0.000000	0.000000	0.000000
430	20	0.000000	0.000000	0.000000
431	20	0.000000	0.000000	0.000000
432	20	0.000000	0.000000	0.000000
433	20	0.000000	0.000000	0.000000
434	21	0.000000	0.000000	0.000000
435	21	0.000000	0.000000	0.000000
436	21	0.000000	0.000000	0.000000
437	21	0.000000	0.000000	0.000000
438	21	0.000000	0.000000	0.000000
439	21	0.000000	0.000000	0.000000
440	21	0.000000	0.000000	0.000000
441	21	0.000000	0.000000	0.000000
442	21	0.000000	0.000000	0.000000
443	21	0.000000	0.000000	0.000000
444	21	0.000000	0.000000	0.000000
445	21	0.000000	0.000000	0.000000
446	21	0.000000	0.000000	0.000000
447	21	0.000000	0.000000	0.000000
448	21	0.000000	0.000000	0.000000
449	21	0.000000	0.000000	0.000000
450	21	0.000000	0.000000	0.000000
451	21	0.000000	0.000000	0.000000
452	21	0.000000	0.000000	0.000000
453	21	0.000000	0.000000	0.000000
454	21	0.000000	0.000000	0.000000
455	21	0.000000	0.000000	0.000000
456	21	0.000000	0.000000	0.000000
457	21	0.000000	0.000000	0.000000
458	21	0.000000	0.000000	0.000000
459	22	0.000000	0.000000	0.000000
460	22	0.000000	0.000000	0.000000
461	22	0.000000	0.000000	0.000000
462	22	0.000000	0.000000	0.000000
463	22	0.000000	0.000000	0.000000
464	22	0.000000	0.000000	0.000000
465	22	0.000000	0.000000	0.000000
466	22	0.000000	0.000000	0.000000
467	22	0.000000	0.000000	0.000000
468	22	0.000000	0.000000	0.000000
469	22	0.000000	0.000000	0.000000
470	22	0.000000	0.000000	0.000000
471	22	0.000000	0.000000	0.000000
472	22	0.000000	0.000000	0.000000
473	22	0.000000	0.000000	0.000000
474	22	0.000000	0.000000	0.000000
475	22	0.000000	0.000000	0.000000
476	22	0.000000	0.000000	0.000000
477	22	0.000000	0.000000	0.000000
478	22	0.000000	0.000000	0.000000
479	22	0.000000	0.000000	0.000000
480	22	0.000000	0.000000	0.000000
481	22	0.000000	0.000000	0.000000
482	22	0.000000	0.000000	0.000000
483	22	0.000000	0.000000	0.000000
484	22	0.000000	0.000000	0.000000
485	22	0.000000	0.000000	0.000000
486	22	0.000000	0.000000	0.000000
487	22	0.000000	0.000000	0.000000
488	22	0.000000	0.000000	0.000000
489	22	0.000000	0.000000	0.000000
490	22	0.000000	0.000000	0.000000
491	22	0.000000	0.000000	0.000000
492	22	0.000000	0.000000	0.000000
493	22	0.000000	0.000000	0.000000
494	22	0.000000	0.000000	0.000000
495	22	0.000000	0.000000	0.000000
496	22	0.000000	0.000000	0.000000
497	22	0.000000	0.000000	0.000000
498	22	0.000000	0.000000	0.000000
499	22	0.000000	0.000000	0.000000
500	22	0.000000	0.000000	0.000000
501	23	0.000000	0.000000	0.000000
502	23	0.000000	0.000000	0.000000
503	23	0.000000	0.000000	0.000000
504	23	0.000000	0.000000	0.000000
505	23	0.000000	0.000000	0.000000
506	23	0.000000	0.000000	0.000000
507	23	0.000000	0.000000	0.000000
508	23	0.000000	0.000000	0.000000
509	23	0.000000	0.000000	0.000000
510	23	0.000000	0.000000	0.000000
511	23	0.000000	0.000000	0.000000
512	23	0.000000	0.000000	0.000000
513	23	0.000000	0.000000	0.000000
514	23	0.000000	0.000000	0.000000
515	23	0.000000	0.000000	0.000000
516	23	0.000000	0.000000	0.000000
517	23	0.000000	0.000000	0.000000
518	23	0.000000	0.000000	0.000000
519	23	0.000000	0.000000	0.000000
520	23	0.000000	0.000000	0.000000
521	23	0.000000	0.000000	0.000000
522	23	0.000000	0.000000	0.000000
523	23	0.000000	0.000000	0.000000
524	23	0.000000	0.000000	0.000000
525	23	0.000000	0.000000	0.000000
526	23	0.000000	0.000000	0.000000
527	23	0.000000	0.000000	0.000000
528	23	0.000000	0.000000	0.000000
529	23	0.000000	0.000000	0.000000
530	23	0.000000	0.000000	0.000000
531	23	0.000000	0.000000	0.000000
532	23	0.000000	0.000000	0.000000
533	23	0.000000	0.000000	0.000000
534	23	0.000000	0.000000	0.000000
535	23	0.000000	0.000000	0.000000
536	23	0.000000	0.000000	0.000000
537	23	0.000000	0.000000	0.000000
538	23	0.000000	0.000000	0.000000
539	23	0.000000	0.000000	0.000000
540	23	0.000000	0.000000	0.000000
541	23	0.000000	0.000000	0.000000
542	23	0.000000	0.000000	0.000000
543	25	0.000000	0.000000	0.000000
544	25	0.000000	0.000000	0.000000
545	25	0.000000	0.000000	0.000000
546	25	0.000000	0.000000	0.000000
547	25	0.000000	0.000000	0.000000
548	25	0.000000	0.000000	0.000000
549	25	0.000000	0.000000	0.000000
550	25	0.000000	0.000000	0.000000
551	25	0.000000	0.000000	0.000000
552	25	0.000000	0.000000	0.000000
553	25	0.000000	0.000000	0.000000
554	25	0.000000	0.000000	0.000000
555	25	0.000000	0.000000	0.000000
556	25	0.000000	0.000000	0.000000
557	25	0.000000	0.000000	0.000000
558	25	0.000000	0.000000	0.000000
559	25	0.000000	0.000000	0.000000
560	25	0.000000	0.000000	0.000000
561	25	0.000000	0.000000	0.000000
562	25	0.000000	0.000000	0.000000
563	25	0.000000	0.000000	0.000000
564	25	0.000000	0.000000	0.000000
565	25	0.000000	0.000000	0.000000
566	25	0.000000	0.000000	0.000000
567	25	0.000000	0.000000	0.000000
568	25	0.000000	0.000000	0.000000
569	25	0.000000	0.000000	0.000000
570	25	0.000000	0.000000	0.000000
571	25	0.000000	0.000000	0.000000
572	25	0.000000	0.000000	0.000000
573	25	0.000000	0.000000	0.000000
574	25	0.000000	0.000000	0.000000
575	25	0.000000	0.000000	0.000000
576	25	0.000000	0.000000	0.000000
577	25	0.000000	0.000000	0.000000
578	25	0.000000	0.000000	0.000000
579	25	0.000000	0.000000	0.000000
580	25	0.000000	0.000000	0.000000
581	25	0.000000	0.000000	0.000000
582	25	0.000000	0.000000	0.000000
583	25	0.000000	0.000000	0.000000
584	25	0.000000	0.000000	0.000000
585	25	0.000000	0.000000	0.000000
586	25	0.000000	0.000000	0.000000
587	25	0.000000	0.000000	0.000000
588	25	0.000000	0.000000	0.000000
589	25	0.000000	0.000000	0.000000
590	25	0.000000	0.000000	0.000000
591	25	0.000000	0.000000	0.000000
592	25	0.000000	0.000000	0.000000
593	25	0.000000	0.000000	0.000000
594	25	0.000000	0.000000	0.000000
595	25	0.000000	0.000000	0.000000
596	25	0.000000	0.000000	0.000000
597	25	0.000000	0.000000	0.000000
598	25	0.000000	0.000000	0.000000
599	25	0.000000	0.000000	0.000000
600	25	0.000000	0.000000	0.000000
601	25	0.000000	0.000000	0.000000
602	25	0.000000	0.000000	0.000000
603	25	0.000000	0.000000	0.000000
604	25	0.000000	0.000000	0.000000
605	25	0.000000	0.000000	0.000000
606	25	0.000000	0.000000	0.000000
607	25	0.000000	0.000000	0.000000
608	25	0.000000	0.000000	0.000000
609	25	0.000000	0.000000	0.000000
610	25	0.000000	0.000000	0.000000
611	25	0.000000	0.000000	0.000000
612	25	0.000000	0.000000	0.000000
613	25	0.000000	0.000000	0.000000
614	25	0.000000	0.000000	0.000000
615	25	0.000000	0.000000	0.000000
616	25	0.000000	0.000000	0.000000
617	25	0.000000	0.000000	0.000000
618	25	0.000000	0.000000	0.000000
619	25	0.000000	0.000000	0.000000
620	25	0.000000	0.000000	0.000000
621	25	0.000000	0.000000	0.000000
622	25	0.000000	0.000000	0.000000
623	25	0.000000	0.000000	0.000000
624	25	0.000000	0.000000	0.000000
625	25	0.000000	0.000000	0.000000
626	25	0.000000	0.000000	0.000000
627	25	0.000000	0.000000	0.000000
628	25	0.000000	0.000000	0.000000
629	25	0.000000	0.000000	0.000000
630	25	0.000000	0.000000	0.000000
631	25	0.000000	0.000000	0.000000
632	25	0.000000	0.000000	0.000000
633	25	0.000000	0.000000	0.000000
634	25	0.000000	0.000000	0.000000
635	25	0.000000	0.000000	0.000000
636	25	0.000000	0.000000	0.000000
637	25	0.000000	0.000000	0.000000
638	25	0.000000	0.000000	0.000000
639	25	0.000000	0.000000	0.000000
640	25	0.000000	0.000000	0.000000
641	25	0.000000	0.000000	0.000000
642	25	0.000000	0.000000	0.000000
643	25	0.000000	0.000000	0.000000
644	25	0.000000	0.000000	0.000000
645	25	0.000000	0.000000	0.000000
646	25	0.000000	0.000000	0.000000
647	25	0.000000	0.000000	0.000000
648	25	0.000000	0.000000	0.000000
649	25	0.000000	0.000000	0.000000
650	25	0.000000	0.000000	0.000000
651	25	0.000000	0.000000	0.000000
652	25	0.000000	0.000000	0.000000
653	25	0.000000	0.000000	0.000000
654	25	0.000000	0.000000	0.000000
655	25	0.000000	0.000000	0.000000
656	25	0.000000	0.000000	0.000000
657	25	0.000000	0.000000	0.000000
658	25	0.000000	0.000000	0.000000
659	25	0.000000	0.000000	0.000000
660	25	0.000000	0.000000	0.000000
661	25	0.000000	0.000000	0.000000
662	25	0.000000	0.000000	0.000000
663	25	0.000000	0.000000	0.000000
664	25	0.000000	0.000000	0.000000
665	25	0.000000	0.000000	0.000000
666	25	0.000000	0.000000	0.000000
667	25	0.000000	0.000000	0.000000
668	25	0.000000	0.000000	0.000000
669	25	0.000000	0.000000	0.000000
670	25	0.000000	0.000000	0.000000
671	25	0.000000	0.000000	0.000000
672	25	0.000000	0.000000	0.000000
673	25	0.000000	0.000000	0.000000
674	26	0.000000	0.000000	0.000000
675	26	0.000000	0.000000	0.000000
676	26	0.000000	0.000000	0.000000
677	26	0.000000	0.000000	0.000000
678	26	0.000000	0.000000	0.000000
679	26	0.000000	0.000000	0.000000
680	26	0.000000	0.000000	0.000000
681	26	0.000000	0.000000	0.000000
682	26	0.000000	0.000000	0.000000
683	26	0.000000	0.000000	0.000000
684	26	0.000000	0.000000	0.000000
685	26	0.000000	0.000000	0.000000
686	26	0.000000	0.000000	0.000000
687	26	0.000000	0.000000	0.000000
688	26	0.000000	0.000000	0.000000
689	26	0.000000	0.000000	0.000000
690	26	0.000000	0.000000	0.000000
691	26	0.000000	0.000000	0.000000
692	26	0.000000	0.000000	0.000000
693	26	0.000000	0.000000	0.000000
694	26	0.000000	0.000000	0.000000
695	26	0.000000	0.000000	0.000000
696	26	0.000000	0.000000	0.000000
697	26	0.000000	0.000000	0.000000
698	26	0.000000	0.000000	0.000000
699	26	0.000000	0.000000	0.000000
700	26	0.000000	0.000000	0.000000
701	26	0.000000	0.000000	0.000000
702	26	0.000000	0.000000	0.000000
703	26	0.000000	0.000000	0.000000
704	26	0.000000	0.000000	0.000000
705	26	0.000000	0.000000	0.000000
706	26	0.000000	0.000000	0.000000
707	26	0.000000	0.000000	0.000000
708	26	0.000000	0.000000	0.000000
709	26	0.000000	0.000000	0.000000
710	26	0.000000	0.000000	0.000000
711	26	0.000000	0.000000	0.000000
712	26	0.000000	0.000000	0.000000
713	26	0.000000	0.000000	0.000000
714	26	0.000000	0.000000	0.000000
715	26	0.000000	0.000000	0.000000
716	26	0.000000	0.000000	0.000000
717	26	0.000000	0.000000	0.000000
718	26	0.000000	0.000000	0.000000
719	26	0.000000	0.000000	0.000000
720	26	0.000000	0.000000	0.000000
721	26	0.000000	0.000000	0.000000
722	26	0.000000	0.000000	0.000000
723	26	0.000000	0.000000	0.000000
724	26	0.000000	0.000000	0.000000
725	26	0.000000	0.000000	0.000000
726	26	0.000000	0.000000	0.000000
727	26	0.000000	0.000000	0.000000
728	26	0.000000	0.000000	0.000000
729	26	0.000000	0.000000	0.000000
730	26	0.000000	0.000000	0.000000
731	26	0.000000	0.000000	0.000000
732	26	0.000000	0.000000	0.000000
733	26	0.000000	0.000000	0.000000
734	26	0.000000	0.000000	0.000000
735	26	0.000000	0.000000	0.000000
736	26	0.000000	0.000000	0.000000
737	26	0.000000	0.000000	0.000000
738	26	0.000000	0.000000	0.000000
739	26	0.000000	0.000000	0.000000
740	26	0.000000	0.000000	0.000000
741	26	0.000000	0.000000	0.000000
742	26	0.000000	0.000000	0.000000
743	26	0.000000	0.000000	0.000000
744	26	0.000000	0.000000	0.000000
745	26	0.000000	0.000000	0.000000
746	26	0.000000	0.000000	0.000000
747	26	0.000000	0.000000	0.000000
748	26	0.000000	0.000000	0.000000
749	26	0.000000	0.000000	0.000000
750	26	0.000000	0.000000	0.000000
751	26	0.000000	0.000000	0.000000
752	26	0.000000	0.000000	0.000000
753	26	0.000000	0.000000	0.000000
754	26	0.000000	0.000000	0.000000
755	26	0.000000	0.000000	0.000000
756	26	0.000000	0.000000	0.000000
757	26	0.000000	0.000000	0.000000
758	26	0.000000	0.000000	0.000000
759	26	0.000000	0.000000	0.000000
760	26	0.000000	0.000000	0.000000
761	26	0.000000	0.000000	0.000000
762	26	0.000000	0.000000	0.000000
763	26	0.000000	0.000000	0.000000
764	26	0.000000	0.000000	0.000000
765	26	0.000000	0.000000	0.000000
766	26	0.000000	0.000000	0.000000
767	26	0.000000	0.000000	0.000000
768	26	0.000000	0.000000	0.000000
769	26	0.000000	0.000000	0.000000
770	26	0.000000	0.000000	0.000000
771	26	0.000000	0.000000	0.000000
772	26	0.000000	0.000000	0.000000
773	26	0.000000	0.000000	0.000000
774	26	0.000000	0.000000	0.000000
775	26	0.000000	0.000000	0.000000
776	26	0.000000	0.000000	0.000000
777	26	0.000000	0.000000	0.000000
778	26	0.000000	0.000000	0.000000
779	26	0.000000	0.000000	0.000000
780	26	0.000000	0.000000	0.000000
781	26	0.000000	0.000000	0.000000
782	26	0.000000	0.000000	0.000000
783	26	0.000000	0.000000	0.000000
784	26	0.000000	0.000000	0.000000
785	26	0.000000	0.000000	0.000000
786	26	0.000000	0.000000	0.000000
