#AU9 - Nose Wrinkler
0	1	0.024219	0.033328	0.054040
1	1	0.014317	0.028621	0.029482
2	1	0.012912	0.020542	-0.002842
3	1	0.015417	0.010365	-0.026958
4	1	0.022810	0.001672	0.005929
5	1	0.036309	0.038446	0.054471
6	1	0.027945	0.035840	0.029967
7	1	0.018099	0.027407	-0.026863
8	1	0.023347	0.016171	-0.026676
9	1	0.026414	0.004779	0.006057
10	1	0.039577	0.040834	0.038450
11	1	0.037589	0.034146	0.014174
12	1	0.033301	0.026563	0.010934
13	1	0.028785	0.008322	0.020735
14	1	0.018056	0.037988	0.043282
15	1	0.020569	0.030013	0.042283
16	1	0.022993	0.022528	0.041825
17	1	0.026063	0.006552	0.040846
18	1	0.010759	0.033360	0.042478
19	1	0.014999	0.025395	0.042085
20	1	0.017261	0.016628	0.041077
21	1	0.018595	-0.006524	0.035717
22	1	0.002526	0.029590	0.042184
23	1	0.006452	0.017810	0.040691
24	1	0.011459	0.010289	0.040325
25	1	0.015542	0.001214	0.039927
26	1	0.018688	-0.006445	0.039494
27	1	-0.003781	0.028744	0.043048
28	1	-0.001122	0.005162	0.031686
29	1	0.013555	-0.007116	0.030326
30	1	0.007311	0.009991	0.029015
31	1	0.026753	-0.022689	0.031954
32	1	0.009619	-0.017551	0.038083
33	1	0.024060	0.033847	0.054034
34	1	0.035924	0.039871	0.054457
35	1	0.042655	0.043282	0.054697
36	1	0.011803	0.030334	0.039285
37	1	0.005376	0.027034	0.039056
38	1	-0.001890	0.032685	0.043116
39	1	-0.007242	0.029885	0.042925
40	2	0.020810	0.031322	0.053918
41	2	-0.006505	0.024812	0.029188
42	2	-0.033116	0.017196	-0.003437
43	2	-0.050084	0.010759	-0.027799
44	2	-0.037074	0.033803	0.004538
45	2	0.031468	0.036251	0.054298
46	2	0.008146	0.033596	0.029710
47	2	-0.039559	0.028241	-0.027424
48	2	-0.040938	0.018491	-0.027473
49	2	-0.023707	0.010027	0.005015
50	2	0.024793	0.039390	0.038222
51	2	0.003193	0.033532	0.013695
52	2	-0.006691	0.027755	0.010254
53	2	-0.011956	0.012604	0.019727
54	2	0.010977	0.039189	0.043029
55	2	0.006297	0.032536	0.041772
56	2	0.003319	0.026412	0.041121
57	2	-0.002113	0.012167	0.039838
58	2	0.003221	0.033634	0.042208
59	2	-0.001453	0.026281	0.041496
60	2	-0.004416	0.018287	0.040301
61	2	-0.009660	-0.003932	0.034705
62	2	-0.005070	0.028779	0.041912
63	2	-0.011771	0.016114	0.040038
64	2	-0.012350	0.009459	0.039473
65	2	-0.013240	0.001956	0.038896
66	2	-0.013588	-0.004208	0.038339
67	2	-0.011493	0.027003	0.042773
68	2	-0.023353	0.001256	0.031039
69	2	-0.036002	-0.002745	0.028754
70	2	-0.037310	-0.002869	0.027618
71	2	-0.022031	-0.031354	0.030359
72	2	-0.008815	-0.008982	0.037419
73	3	0.012492	0.010720	0.057064
74	3	0.012492	0.010720	0.057064
75	3	0.012492	0.010720	0.057064
76	3	0.012492	0.010720	0.057064
77	3	0.012492	0.010720	0.039064
78	3	0.014686	0.088771	0.023303
79	3	-0.000100	-0.069252	0.036544
80	3	0.009977	0.091956	0.024560
81	3	0.016545	0.120573	0.069854
82	3	0.016169	0.133199	0.001441
83	3	0.005040	0.133764	0.002946
84	3	0.026614	0.122897	0.072115
85	3	0.040622	0.113233	0.042877
86	3	0.018168	0.079656	0.031829
87	3	-0.005925	0.065424	0.017122
88	3	0.028014	0.076912	0.033852
89	3	0.005871	0.115726	0.044984
90	3	0.040736	0.113658	0.042881
91	3	0.018109	0.071955	0.031827
92	3	0.006195	0.067054	0.021154
93	3	0.017583	0.069772	0.033480
94	3	0.005713	0.115875	0.044978
95	3	0.035114	0.115438	0.032433
96	3	0.035087	0.116540	0.032432
97	3	0.012472	0.066008	0.021377
98	3	-0.023689	0.116857	0.032009
99	3	-0.023667	0.115952	0.032010
100	4	-0.023174	-0.065370	0.046522
101	4	0.015239	-0.060935	0.017952
102	4	0.014455	-0.058181	0.027400
103	4	-0.009450	-0.064828	0.041649
104	4	-0.023252	-0.034382	0.038289
105	4	0.013767	-0.042366	0.039608
106	4	0.006009	-0.006982	0.021837
107	4	0.019583	0.009977	0.029992
108	4	-0.013117	-0.062417	0.026701
109	4	-0.007983	-0.065792	0.047628
110	4	-0.009450	-0.064828	0.041649
111	4	-0.007983	-0.065792	0.047628
112	4	-0.010741	-0.025214	0.040428
113	4	0.007695	0.004867	0.032011
114	4	0.019583	0.009977	0.029992
115	4	0.012492	0.010720	0.057064
116	4	0.012345	-0.000061	0.018701
117	4	-0.016441	-0.024358	0.032501
118	4	-0.004370	-0.034341	0.041826
119	4	-0.008436	-0.047488	0.047612
120	4	-0.003506	-0.035442	0.042935
121	4	0.002992	-0.016331	0.036696
122	4	0.007695	0.004867	0.032011
123	4	0.042855	0.029541	0.034632
124	4	0.042855	0.029541	0.034632
125	4	0.042855	0.029541	0.034632
126	4	0.042855	0.029541	0.034632
127	4	0.042855	0.029541	0.034632
128	4	0.012418	0.005329	0.037883
129	4	0.028797	0.054101	0.009134
130	4	0.042855	0.029541	0.034632
131	4	0.042855	0.029541	0.034632
132	4	0.015090	0.055049	0.045572
133	4	0.015090	0.055049	0.045572
134	4	0.003968	-0.046189	0.047489
135	5	-0.023174	-0.065370	0.046522
136	5	-0.015317	-0.060970	0.017733
137	5	-0.006934	-0.058206	0.027247
138	5	0.007039	-0.053598	0.043102
139	5	0.003070	-0.033507	0.039263
140	5	0.003070	-0.033507	0.039263
141	5	-0.006313	-0.006996	0.021749
142	5	-0.020331	0.009931	0.029705
143	5	-0.006934	-0.058206	0.027247
144	5	0.012628	-0.051756	0.049445
145	5	0.007039	-0.053598	0.043102
146	5	0.012628	-0.051756	0.049445
147	5	-0.000435	-0.018195	0.041337
148	5	-0.013498	0.015365	0.033229
149	5	-0.020331	0.009931	0.029705
150	5	0.012492	0.010720	0.057064
151	5	-0.016150	0.007043	0.019500
152	5	-0.039006	-0.005220	0.033145
153	5	-0.002778	-0.021983	0.043112
154	5	0.011949	-0.024298	0.049420
155	5	0.004338	-0.013315	0.044564
156	5	-0.024282	0.003797	0.037430
157	5	-0.013498	0.015365	0.033229
158	5	-0.056615	0.044789	0.036233
159	5	-0.056615	0.044789	0.036233
160	5	-0.056615	0.044789	0.036233
161	5	-0.056615	0.044789	0.036233
162	5	-0.056615	0.044789	0.036233
163	5	-0.001829	0.008881	0.038282
164	5	-0.041410	0.059746	0.009605
165	5	-0.056615	0.044789	0.036233
166	5	-0.056615	0.044789	0.036233
167	5	-0.031151	0.069999	0.047214
168	5	-0.031151	0.069999	0.047214
169	6	0.027820	-0.008276	0.000992
170	6	0.000905	-0.036609	0.000032
171	6	0.010103	-0.036317	0.000360
172	6	0.028499	-0.035733	0.001016
173	6	0.028273	-0.026581	0.001008
174	6	0.000000	0.000000	0.000000
175	6	0.018622	-0.008568	0.000664
176	6	0.000000	0.000000	0.000000
177	6	0.000000	0.000000	0.000000
178	6	0.000000	0.000000	0.000000
179	6	0.009424	-0.008860	0.000336
180	6	0.019075	-0.026873	0.000680
181	6	0.000678	-0.027457	0.000024
182	6	0.019075	-0.026873	0.000680
183	6	0.000000	0.000000	0.000000
184	6	0.000000	0.000000	0.000000
185	6	0.000000	0.000000	0.000000
186	6	0.000000	0.000000	0.000000
187	6	0.000000	0.000000	0.000000
188	6	0.000000	0.000000	0.000000
189	6	0.000000	0.000000	0.000000
190	6	0.000000	0.000000	0.000000
191	6	-0.027142	-0.019181	-0.000967
192	7	-0.018170	-0.009737	-0.000648
193	7	-0.017039	-0.055498	-0.000607
194	7	-0.017265	-0.046346	-0.000615
195	7	-0.044860	-0.047222	-0.001599
196	7	-0.045312	-0.028918	-0.001615
197	7	0.000000	0.000000	0.000000
198	7	0.000000	0.000000	0.000000
199	7	0.000000	0.000000	0.000000
200	7	-0.008972	-0.009444	-0.000320
201	7	-0.035436	-0.056083	-0.001263
202	7	-0.008746	-0.018597	-0.000312
203	7	-0.008972	-0.009444	-0.000320
204	7	-0.008520	-0.027749	-0.000304
205	7	-0.017944	-0.018889	-0.000640
206	7	0.000000	0.000000	0.000000
207	7	0.000000	0.000000	0.000000
208	7	0.000000	0.000000	0.000000
209	7	0.000000	0.000000	0.000000
210	7	0.000000	0.000000	0.000000
211	7	0.000000	0.000000	0.000000
212	7	0.000000	0.000000	0.000000
213	8	0.000000	0.000000	0.000000
214	8	0.000000	0.000000	0.000000
215	8	0.000000	0.000000	0.000000
216	8	0.000000	0.000000	0.000000
217	8	0.000000	0.000000	0.000000
218	8	0.000000	0.000000	0.000000
219	8	0.000000	0.000000	0.000000
220	8	0.000000	0.000000	0.000000
221	8	0.000000	0.000000	0.000000
222	8	0.000000	0.000000	0.000000
223	8	0.000000	0.000000	0.000000
224	8	0.019301	-0.036025	0.000688
225	8	0.028047	-0.017428	0.001000
226	8	0.018848	-0.017721	0.000672
227	8	0.018396	0.000584	0.000656
228	8	0.000000	0.000000	0.000000
229	8	0.000000	0.000000	0.000000
230	8	0.000000	0.000000	0.000000
231	9	0.000000	0.000000	0.000000
232	9	0.000000	0.000000	0.000000
233	9	0.000000	0.000000	0.000000
234	9	0.000000	0.000000	0.000000
235	9	0.000000	0.000000	0.000000
236	9	0.000000	0.000000	0.000000
237	9	0.000000	0.000000	0.000000
238	9	0.000000	0.000000	0.000000
239	9	0.000000	0.000000	0.000000
240	9	0.000000	0.000000	0.000000
241	9	0.000000	0.000000	0.000000
242	9	0.000452	-0.018305	0.000016
243	9	-0.008746	-0.018597	-0.000312
244	9	-0.027142	-0.019181	-0.000967
245	9	-0.027368	-0.010029	-0.000975
246	10	0.024274	0.125634	0.023644
247	10	0.032158	0.180602	0.070410
248	10	0.036418	0.185173	0.066610
249	10	0.036418	0.185173	0.066610
250	10	0.036418	0.185173	0.066610
251	10	0.030016	0.135460	0.054134
252	10	0.030016	0.135460	0.054134
253	10	0.027066	0.067295	0.066091
254	10	0.058912	0.174578	0.050423
255	10	0.064818	0.161358	0.078209
256	10	0.059530	0.159678	0.078004
257	10	0.059052	0.153691	0.079020
258	10	0.027066	0.067295	0.066091
259	10	0.044941	0.135110	0.082953
260	10	0.043066	0.114400	0.088580
261	10	0.043066	0.114400	0.088580
262	11	-0.025784	0.125577	0.023285
263	11	-0.034682	0.180525	0.069930
264	11	-0.039005	0.185086	0.066068
265	11	-0.039005	0.185086	0.066068
266	11	-0.039005	0.185086	0.066068
267	11	-0.032029	0.135388	0.053689
268	11	-0.032029	0.135388	0.053689
269	11	-0.028718	0.067230	0.065691
270	11	-0.061657	0.174439	0.049557
271	11	-0.067891	0.161205	0.077256
272	11	-0.062494	0.159537	0.077128
273	11	-0.061981	0.153551	0.078151
274	11	-0.028718	0.067230	0.065691
275	11	-0.047540	0.135004	0.082289
276	11	-0.045558	0.114298	0.087943
277	11	-0.045558	0.114298	0.087943
278	12	0.018744	0.060890	0.028955
279	12	0.017361	0.061236	0.023833
280	12	0.011336	0.064608	-0.003337
281	12	0.014900	0.058046	0.002985
282	12	0.022995	0.094064	0.003274
283	12	0.022995	0.094064	0.003274
284	12	0.038614	0.004497	0.017945
285	12	0.039136	0.012203	0.014435
286	12	0.025659	-0.009152	0.038654
287	12	0.016043	0.022752	0.038312
288	12	0.029295	0.011181	0.045167
289	12	-0.005270	0.038448	0.033227
290	12	0.000028	0.031528	0.023443
291	12	0.033017	-0.026794	0.028583
292	12	0.025665	0.010807	0.040949
293	12	0.010853	0.039968	0.038127
294	12	0.017215	0.055410	0.037668
295	12	-0.005947	0.040832	0.042971
296	13	0.001125	0.061027	0.028945
297	13	-0.006116	0.061483	0.023821
298	13	-0.029035	0.065570	-0.003354
299	13	-0.043660	0.059255	0.002960
300	13	-0.035948	0.093568	0.003235
301	13	-0.035948	0.093568	0.003235
302	13	-0.028298	0.010153	0.016794
303	13	-0.031286	0.016771	0.013366
304	13	-0.017693	-0.002465	0.037102
305	13	-0.006105	0.026892	0.037516
306	13	-0.014514	0.017034	0.044012
307	13	-0.005148	0.039477	0.033232
308	13	-0.007229	0.033003	0.023396
309	13	-0.013607	-0.014053	0.027361
310	13	-0.011188	0.022103	0.039939
311	13	-0.004677	0.045798	0.037566
312	14	0.000000	0.000000	0.000000
313	14	0.000000	0.000000	0.000000
314	14	0.011016	-0.036545	0.000393
315	14	0.000000	0.000000	0.000000
316	14	0.000000	0.000000	0.000000
317	14	-0.001101	-0.009308	-0.000039
318	14	0.000000	0.000000	0.000000
319	14	0.000000	0.000000	0.000000
320	14	-0.001716	-0.014501	-0.000061
321	14	0.000000	0.000000	0.000000
322	14	0.000000	0.000000	0.000000
323	14	0.000000	0.000000	0.000000
324	14	0.000000	0.000000	0.000000
325	14	-0.002661	-0.022493	-0.000095
326	14	0.000000	0.000000	0.000000
327	15	0.000000	0.000000	0.000000
328	15	0.000000	0.000000	0.000000
329	15	-0.002194	-0.029044	-0.000078
330	15	0.000000	0.000000	0.000000
331	15	0.000000	0.000000	0.000000
332	15	-0.000931	-0.007868	-0.000033
333	15	0.000000	0.000000	0.000000
334	15	0.000000	0.000000	0.000000
335	15	-0.001628	-0.013762	-0.000058
336	15	0.000000	0.000000	0.000000
337	15	0.000000	0.000000	0.000000
338	15	0.000000	0.000000	0.000000
339	15	0.000000	0.000000	0.000000
340	16	0.000000	0.000000	0.000000
341	16	0.000000	0.000000	0.000000
342	16	0.000000	0.000000	0.000000
343	16	0.000000	0.000000	0.000000
344	16	0.000000	0.000000	0.000000
345	16	0.000000	0.000000	0.000000
346	16	0.000000	0.000000	0.000000
347	16	0.000000	0.000000	0.000000
348	16	0.000000	0.000000	0.000000
349	16	0.000000	0.000000	0.000000
350	16	0.000000	0.000000	0.000000
351	16	0.000000	0.000000	0.000000
352	16	0.000000	0.000000	0.000000
353	16	0.000000	0.000000	0.000000
354	16	0.000000	0.000000	0.000000
355	16	0.000000	0.000000	0.000000
356	16	0.000000	0.000000	0.000000
357	17	0.000000	0.000000	0.000000
358	17	0.000000	0.000000	0.000000
359	17	0.000000	0.000000	0.000000
360	17	0.000000	0.000000	0.000000
361	17	0.000000	0.000000	0.000000
362	17	0.000000	0.000000	0.000000
363	17	0.000000	0.000000	0.000000
364	17	0.000000	0.000000	0.000000
365	17	0.000000	0.000000	0.000000
366	17	0.000000	0.000000	0.000000
367	17	0.000000	0.000000	0.000000
368	17	0.000000	0.000000	0.000000
369	17	0.000000	0.000000	0.000000
370	17	0.000000	0.000000	0.000000
371	18	0.000000	0.000000	0.000000
372	18	0.000000	0.000000	0.000000
373	18	0.000000	0.000000	0.000000
374	18	0.000000	0.000000	0.000000
375	18	0.000000	0.000000	0.000000
376	18	0.000000	0.000000	0.000000
377	18	0.000000	0.000000	0.000000
378	18	0.000000	0.000000	0.000000
379	18	0.000000	0.000000	0.000000
380	18	0.000000	0.000000	0.000000
381	18	0.000000	0.000000	0.000000
382	18	0.000000	0.000000	0.000000
383	18	0.000000	0.000000	0.000000
384	18	0.000000	0.000000	0.000000
385	18	0.000000	0.000000	0.000000
386	18	0.000000	0.000000	0.000000
387	18	0.000000	0.000000	0.000000
388	18	0.000000	0.000000	0.000000
389	18	0.000000	0.000000	0.000000
390	18	0.000000	0.000000	0.000000
391	19	0.000000	0.000000	0.000000
392	19	0.000000	0.000000	0.000000
393	19	0.000000	0.000000	0.000000
394	19	0.000000	0.000000	0.000000
395	19	0.000000	0.000000	0.000000
396	19	0.000000	0.000000	0.000000
397	19	0.000000	0.000000	0.000000
398	19	0.000000	0.000000	0.000000
399	19	0.000000	0.000000	0.000000
400	19	0.000000	0.000000	0.000000
401	19	0.000000	0.000000	0.000000
402	19	0.000000	0.000000	0.000000
403	19	0.000000	0.000000	0.000000
404	19	0.000000	0.000000	0.000000
405	19	0.000000	0.000000	0.000000
406	19	0.000000	0.000000	0.000000
407	19	0.000000	0.000000	0.000000
408	19	0.000000	0.000000	0.000000
409	20	0.000000	0.000000	0.000000
410	20	0.000000	0.000000	0.000000
411	20	0.000000	0.000000	0.000000
412	20	0.000000	0.000000	0.000000
413	20	0.000000	0.000000	0.000000
414	20	0.000000	0.000000	0.000000
415	20	0.000000	0.000000	0.000000
416	20	0.000000	0.000000	0.000000
417	20	0.000000	0.000000	0.000000
418	20	0.000000	0.000000	0.000000
419	20	0.000000	0.000000	0.000000
420	20	0.000000	0.000000	0.000000
421	20	0.000000	0.000000	0.000000
422	20	0.000000	0.000000	0.000000
423	20	0.000000	0.000000	0.000000
424	20	0.000000	0.000000	0.000000
425	20	0.000000	0.000000	0.000000
426	20	0.000000	0.000000	0.000000
427	20	0.000000	0.000000	0.000000
428	20	0.000000	0.000000	0.000000
429	20	0.000000	0.000000	0.000000
430	20	0.000000	0.000000	0.000000
431	20	0.000000	0.000000	0.000000
432	20	0.000000	0.000000	0.000000
433	20	0.000000	0.000000	0.000000
434	21	0.000000	0.000000	0.000000
435	21	0.000000	0.000000	0.000000
436	21	0.000000	0.000000	0.000000
437	21	0.000000	0.000000	0.000000
438	21	0.000000	0.000000	0.000000
439	21	0.000000	0.000000	0.000000
440	21	0.000000	0.000000	0.000000
441	21	0.000000	0.000000	0.000000
442	21	0.000000	0.000000	0.000000
443	21	0.000000	0.000000	0.000000
444	21	0.000000	0.000000	0.000000
445	21	0.000000	0.000000	0.000000
446	21	0.000000	0.000000	0.000000
447	21	0.000000	0.000000	0.000000
448	21	0.000000	0.000000	0.000000
449	21	0.000000	0.000000	0.000000
450	21	0.000000	0.000000	0.000000
451	21	0.000000	0.000000	0.000000
452	21	0.000000	0.000000	0.000000
453	21	0.000000	0.000000	0.000000
454	21	0.000000	0.000000	0.000000
455	21	0.000000	0.000000	0.000000
456	21	0.000000	0.000000	0.000000
457	21	0.000000	0.000000	0.000000
458	21	0.000000	0.000000	0.000000
459	22	0.000000	0.000000	0.000000
460	22	0.000000	0.000000	0.000000
461	22	0.000000	0.000000	0.000000
462	22	0.000000	0.000000	0.000000
463	22	0.000000	0.000000	0.000000
464	22	0.000000	0.000000	0.000000
465	22	0.000000	0.000000	0.000000
466	22	0.000000	0.000000	0.000000
467	22	0.000000	0.000000	0.000000
468	22	0.000000	0.000000	0.000000
469	22	0.000000	0.000000	0.000000
470	22	0.000000	0.000000	0.000000
471	22	0.000000	0.000000	0.000000
472	22	0.000000	0.000000	0.000000
473	22	0.000000	0.000000	0.000000
474	22	0.000000	0.000000	0.000000
475	22	0.000000	0.000000	0.000000
476	22	0.000000	0.000000	0.000000
477	22	0.000000	0.000000	0.000000
478	22	0.000000	0.000000	0.000000
479	22	0.000000	0.000000	0.000000
480	22	0.000000	0.000000	0.000000
481	22	0.000000	0.000000	0.000000
482	22	0.000000	0.000000	0.000000
483	22	0.000000	0.000000	0.000000
484	22	0.000000	0.000000	0.000000
485	22	0.000000	0.000000	0.000000
486	22	0.000000	0.000000	0.000000
487	22	0.000000	0.000000	0.000000
488	22	0.000000	0.000000	0.000000
489	22	0.000000	0.000000	0.000000
490	22	0.000000	0.000000	0.000000
491	22	0.000000	0.000000	0.000000
492	22	0.000000	0.000000	0.000000
493	22	0.000000	0.000000	0.000000
494	22	0.000000	0.000000	0.000000
495	22	0.000000	0.000000	0.000000
496	22	0.000000	0.000000	0.000000
497	22	0.000000	0.000000	0.000000
498	22	0.000000	0.000000	0.000000
499	22	0.000000	0.000000	0.000000
500	22	0.000000	0.000000	0.000000
501	23	0.000000	0.000000	0.000000
502	23	0.000000	0.000000	0.000000
503	23	0.000000	0.000000	0.000000
504	23	0.000000	0.000000	0.000000
505	23	0.000000	0.000000	0.000000
506	23	0.000000	0.000000	0.000000
507	23	0.000000	0.000000	0.000000
508	23	0.000000	0.000000	0.000000
509	23	0.000000	0.000000	0.000000
510	23	0.000000	0.000000	0.000000
511	23	0.000000	0.000000	0.000000
512	23	0.000000	0.000000	0.000000
513	23	0.000000	0.000000	0.000000
514	23	0.000000	0.000000	0.000000
515	23	0.000000	0.000000	0.000000
516	23	0.000000	0.000000	0.000000
517	23	0.000000	0.000000	0.000000
518	23	0.000000	0.000000	0.000000
519	23	0.000000	0.000000	0.000000
520	23	0.000000	0.000000	0.000000
521	23	0.000000	0.000000	0.000000
522	23	0.000000	0.000000	0.000000
523	23	0.000000	0.000000	0.000000
524	23	0.000000	0.000000	0.000000
525	23	0.000000	0.000000	0.000000
526	23	0.000000	0.000000	0.000000
527	23	0.000000	0.000000	0.000000
528	23	0.000000	0.000000	0.000000
529	23	0.000000	0.000000	0.000000
530	23	0.000000	0.000000	0.000000
531	23	0.000000	0.000000	0.000000
532	23	0.000000	0.000000	0.000000
533	23	0.000000	0.000000	0.000000
534	23	0.000000	0.000000	0.000000
535	23	0.000000	0.000000	0.000000
536	23	0.000000	0.000000	0.000000
537	23	0.000000	0.000000	0.000000
538	23	0.000000	0.000000	0.000000
539	23	0.000000	0.000000	0.000000
540	23	0.000000	0.000000	0.000000
541	23	0.000000	0.000000	0.000000
542	23	0.000000	0.000000	0.000000
543	25	0.000000	0.000000	0.000000
544	25	0.000000	0.000000	0.000000
545	25	0.000000	0.000000	0.000000
546	25	0.000000	0.000000	0.000000
547	25	0.000000	0.000000	0.000000
548	25	0.000000	0.000000	0.000000
549	25	0.000000	0.000000	0.000000
550	25	0.000000	0.000000	0.000000
551	25	0.000000	0.000000	0.000000
552	25	0.000000	0.000000	0.000000
553	25	0.000000	0.000000	0.000000
554	25	0.000000	0.000000	0.000000
555	25	0.000000	0.000000	0.000000
556	25	0.000000	0.000000	0.000000
557	25	0.000000	0.000000	0.000000
558	25	0.000000	0.000000	0.000000
559	25	0.000000	0.000000	0.000000
560	25	0.000000	0.000000	0.000000
561	25	0.000000	0.000000	0.000000
562	25	0.000000	0.000000	0.000000
563	25	0.000000	0.000000	0.000000
564	25	0.000000	0.000000	0.000000
565	25	0.000000	0.000000	0.000000
566	25	0.000000	0.000000	0.000000
567	25	0.000000	0.000000	0.000000
568	25	0.000000	0.000000	0.000000
569	25	0.000000	0.000000	0.000000
570	25	0.000000	0.000000	0.000000
571	25	0.000000	0.000000	0.000000
572	25	0.000000	0.000000	0.000000
573	25	0.000000	0.000000	0.000000
574	25	0.000000	0.000000	0.000000
575	25	0.000000	0.000000	0.000000
576	25	0.000000	0.000000	0.000000
577	25	0.000000	0.000000	0.000000
578	25	0.000000	0.000000	0.000000
579	25	0.000000	0.000000	0.000000
580	25	0.000000	0.000000	0.000000
581	25	0.000000	0.000000	0.000000
582	25	0.000000	0.000000	0.000000
583	25	0.000000	0.000000	0.000000
584	25	0.000000	0.000000	0.000000
585	25	0.000000	0.000000	0.000000
586	25	0.000000	0.000000	0.000000
587	25	0.000000	0.000000	0.000000
588	25	0.000000	0.000000	0.000000
589	25	0.000000	0.000000	0.000000
590	25	0.000000	0.000000	0.000000
591	25	0.000000	0.000000	0.000000
592	25	0.000000	0.000000	0.000000
593	25	0.000000	0.000000	0.000000
594	25	0.000000	0.000000	0.000000
595	25	0.000000	0.000000	0.000000
596	25	0.000000	0.000000	0.000000
597	25	0.000000	0.000000	0.000000
598	25	0.000000	0.000000	0.000000
599	25	0.000000	0.000000	0.000000
600	25	0.000000	0.000000	0.000000
601	25	0.000000	0.000000	0.000000
602	25	0.000000	0.000000	0.000000
603	25	0.000000	0.000000	0.000000
604	25	0.000000	0.000000	0.000000
605	25	0.000000	0.000000	0.000000
606	25	0.000000	0.000000	0.000000
607	25	0.000000	0.000000	0.000000
608	25	0.000000	0.000000	0.000000
609	25	0.000000	0.000000	0.000000
610	25	0.000000	0.000000	0.000000
611	25	0.000000	0.000000	0.000000
612	25	0.000000	0.000000	0.000000
613	25	0.000000	0.000000	0.000000
614	25	0.000000	0.000000	0.000000
615	25	0.000000	0.000000	0.000000
616	25	0.000000	0.000000	0.000000
617	25	0.000000	0.000000	0.000000
618	25	0.000000	0.000000	0.000000
619	25	0.000000	0.000000	0.000000
620	25	0.000000	0.000000	0.000000
621	25	0.000000	0.000000	0.000000
622	25	0.000000	0.000000	0.000000
623	25	0.000000	0.000000	0.000000
624	25	0.000000	0.000000	0.000000
625	25	0.000000	0.000000	0.000000
626	25	0.000000	0.000000	0.000000
627	25	0.000000	0.000000	0.000000
628	25	0.000000	0.000000	0.000000
629	25	0.000000	0.000000	0.000000
630	25	0.000000	0.000000	0.000000
631	25	0.000000	0.000000	0.000000
632	25	0.000000	0.000000	0.000000
633	25	0.000000	0.000000	0.000000
634	25	0.000000	0.000000	0.000000
635	25	0.000000	0.000000	0.000000
636	25	0.000000	0.000000	0.000000
637	25	0.000000	0.000000	0.000000
638	25	0.000000	0.000000	0.000000
639	25	0.000000	0.000000	0.000000
640	25	0.000000	0.000000	0.000000
641	25	0.000000	0.000000	0.000000
642	25	0.000000	0.000000	0.000000
643	25	0.000000	0.000000	0.000000
644	25	0.000000	0.000000	0.000000
645	25	0.000000	0.000000	0.000000
646	25	0.000000	0.000000	0.000000
647	25	0.000000	0.000000	0.000000
648	25	0.000000	0.000000	0.000000
649	25	0.000000	0.000000	0.000000
650	25	0.000000	0.000000	0.000000
651	25	0.000000	0.000000	0.000000
652	25	0.000000	0.000000	0.000000
653	25	0.000000	0.000000	0.000000
654	25	0.000000	0.000000	0.000000
655	25	0.000000	0.000000	0.000000
656	25	0.000000	0.000000	0.000000
657	25	0.000000	0.000000	0.000000
658	25	0.000000	0.000000	0.000000
659	25	0.000000	0.000000	0.000000
660	25	0.000000	0.000000	0.000000
661	25	0.000000	0.000000	0.000000
662	25	0.000000	0.000000	0.000000
663	25	0.000000	0.000000	0.000000
664	25	0.000000	0.000000	0.000000
665	25	0.000000	0.000000	0.000000
666	25	0.000000	0.000000	0.000000
667	25	0.000000	0.000000	0.000000
668	25	0.000000	0.000000	0.000000
669	25	0.000000	0.000000	0.000000
670	25	0.000000	0.000000	0.000000
671	25	0.000000	0.000000	0.000000
672	25	0.000000	0.000000	0.000000
673	25	0.000000	0.000000	0.000000
674	26	0.000000	0.000000	0.000000
675	26	0.000000	0.000000	0.000000
676	26	0.000000	0.000000	0.000000
677	26	0.000000	0.000000	0.000000
678	26	0.000000	0.000000	0.000000
679	26	0.000000	0.000000	0.000000
680	26	0.000000	0.000000	0.000000
681	26	0.000000	0.000000	0.000000
682	26	0.000000	0.000000	0.000000
683	26	0.000000	0.000000	0.000000
684	26	0.000000	0.000000	0.000000
685	26	0.000000	0.000000	0.000000
686	26	0.000000	0.000000	0.000000
687	26	0.000000	0.000000	0.000000
688	26	0.000000	0.000000	0.000000
689	26	0.000000	0.000000	0.000000
690	26	0.000000	0.000000	0.000000
691	26	0.000000	0.000000	0.000000
692	26	0.000000	0.000000	0.000000
693	26	0.000000	0.000000	0.000000
694	26	0.000000	0.000000	0.000000
695	26	0.000000	0.000000	0.000000
696	26	0.000000	0.000000	0.000000
697	26	0.000000	0.000000	0.000000
698	26	0.000000	0.000000	0.000000
699	26	0.000000	0.000000	0.000000
700	26	0.000000	0.000000	0.000000
701	26	0.000000	0.000000	0.000000
702	26	0.000000	0.000000	0.000000
703	26	0.000000	0.000000	0.000000
704	26	0.000000	0.000000	0.000000
705	26	0.000000	0.000000	0.000000
706	26	0.000000	0.000000	0.000000
707	26	0.000000	0.000000	0.000000
708	26	0.000000	0.000000	0.000000
709	26	0.000000	0.000000	0.000000
710	26	0.000000	0.000000	0.000000
711	26	0.000000	0.000000	0.000000
712	26	0.000000	0.000000	0.000000
713	26	0.000000	0.000000	0.000000
714	26	0.000000	0.000000	0.000000
715	26	0.000000	0.000000	0.000000
716	26	0.000000	0.000000	0.000000
717	26	0.000000	0.000000	0.000000
718	26	0.000000	0.000000	0.000000
719	26	0.000000	0.000000	0.000000
720	26	0.000000	0.000000	0.000000
721	26	0.000000	0.000000	0.000000
722	26	0.000000	0.000000	0.000000
723	26	0.000000	0.000000	0.000000
724	26	0.000000	0.000000	0.000000
725	26	0.000000	0.000000	0.000000
726	26	0.000000	0.000000	0.000000
727	26	0.000000	0.000000	0.000000
728	26	0.000000	0.000000	0.000000
729	26	0.000000	0.000000	0.000000
730	26	0.000000	0.000000	0.000000
731	26	0.000000	0.000000	0.000000
732	26	0.000000	0.000000	0.000000
733	26	0.000000	0.000000	0.000000
734	26	0.000000	0.000000	0.000000
735	26	0.000000	0.000000	0.000000
736	26	0.000000	0.000000	0.000000
737	26	0.000000	0.000000	0.000000
738	26	0.000000	0.000000	0.000000
739	26	0.000000	0.000000	0.000000
740	26	0.000000	0.000000	0.000000
741	26	0.000000	0.000000	0.000000
742	26	0.000000	0.000000	0.000000
743	26	0.000000	0.000000	0.000000
744	26	0.000000	0.000000	0.000000
745	26	0.000000	0.000000	0.000000
746	26	0.000000	0.000000	0.000000
747	26	0.000000	0.000000	0.000000
748	26	0.000000	0.000000	0.000000
749	26	0.000000	0.000000	0.000000
750	26	0.000000	0.000000	0.000000
751	26	0.000000	0.000000	0.000000
752	26	0.000000	0.000000	0.000000
753	26	0.000000	0.000000	0.000000
754	26	0.000000	0.000000	0.000000
755	26	0.000000	0.000000	0.000000
756	26	0.000000	0.000000	0.000000
757	26	0.000000	0.000000	0.000000
758	26	0.000000	0.000000	0.000000
759	26	0.000000	0.000000	0.000000
760	26	0.000000	0.000000	0.000000
761	26	0.000000	0.000000	0.000000
762	26	0.000000	0.000000	0.000000
763	26	0.000000	0.000000	0.000000
764	26	0.000000	0.000000	0.000000
765	26	0.000000	0.000000	0.000000
766	26	0.000000	0.000000	0.000000
767	26	0.000000	0.000000	0.000000
768	26	0.000000	0.000000	0.000000
769	26	0.000000	0.000000	0.000000
770	26	0.000000	0.000000	0.000000
771	26	0.000000	0.000000	0.000000
772	26	0.000000	0.000000	0.000000
773	26	0.000000	0.000000	0.000000
774	26	0.000000	0.000000	0.000000
775	26	0.000000	0.000000	0.000000
776	26	0.000000	0.000000	0.000000
777	26	0.000000	0.000000	0.000000
778	26	0.000000	0.000000	0.000000
779	26	0.000000	0.000000	0.000000
780	26	0.000000	0.000000	0.000000
781	26	0.000000	0.000000	0.000000
782	26	0.000000	0.000000	0.000000
783	26	0.000000	0.000000	0.000000
784	26	0.000000	0.000000	0.000000
785	26	0.000000	0.000000	0.000000
786	26	0.000000	0.000000	0.000000
