#AU12 - Lip Corner Puller
0	1	0.040005	0.012049	-0.039816
1	1	0.007433	0.013519	-0.052587
2	1	-0.035998	0.015479	-0.069615
3	1	-0.068570	0.016949	-0.082386
4	1	-0.064306	0.047392	-0.093701
5	1	0.040005	0.012049	-0.039816
6	1	0.007433	0.013519	-0.052587
7	1	-0.068570	0.016949	-0.082386
8	1	-0.068570	0.016949	-0.082386
9	1	-0.064306	0.047392	-0.093701
10	1	0.018290	0.013029	-0.048330
11	1	-0.014282	0.014499	-0.061101
12	1	-0.034292	0.027656	-0.074141
13	1	-0.052595	0.052991	-0.091707
14	1	0.012655	0.056108	-0.033386
15	1	-0.003499	0.060936	-0.049303
16	1	-0.011577	0.063351	-0.057262
17	1	-0.027731	0.068179	-0.073180
18	1	0.004578	0.058522	-0.041345
19	1	-0.003499	0.060936	-0.049303
20	1	-0.019654	0.065765	-0.065221
21	1	-0.037882	0.065224	-0.078596
22	1	0.004578	0.058522	-0.041345
23	1	-0.019654	0.065765	-0.065221
24	1	-0.027731	0.068179	-0.073180
25	1	-0.035809	0.070593	-0.081139
26	1	-0.043886	0.073007	-0.089098
27	1	0.020733	0.053694	-0.025427
28	1	-0.025070	0.068129	-0.037476
29	1	-0.033004	0.071760	-0.040081
30	1	-0.049159	0.076588	-0.055999
31	1	-0.051880	0.076900	-0.068253
32	1	-0.060041	0.077836	-0.105016
33	1	0.040005	0.012049	-0.039816
34	1	0.040005	0.012049	-0.039816
35	1	0.040005	0.012049	-0.039816
36	1	0.018659	0.048325	-0.022884
37	1	0.018659	0.048325	-0.022884
38	1	0.020733	0.053694	-0.025427
39	1	0.020733	0.053694	-0.025427
40	2	0.040005	0.012049	-0.039816
41	2	0.048575	0.013519	-0.052587
42	2	0.060001	0.015479	-0.069615
43	2	0.068570	0.016949	-0.082386
44	2	0.064306	0.047392	-0.093701
45	2	0.040005	0.012049	-0.039816
46	2	0.048575	0.013519	-0.052587
47	2	0.068570	0.016949	-0.082386
48	2	0.068570	0.016949	-0.082386
49	2	0.064306	0.047392	-0.093701
50	2	0.045718	0.013029	-0.048330
51	2	0.054288	0.014499	-0.061101
52	2	0.058295	0.027656	-0.074141
53	2	0.060596	0.052991	-0.091707
54	2	0.024664	0.056108	-0.033386
55	2	0.032525	0.060936	-0.049303
56	2	0.036456	0.063351	-0.057262
57	2	0.044317	0.068179	-0.073180
58	2	0.028594	0.058522	-0.041345
59	2	0.032525	0.060936	-0.049303
60	2	0.040387	0.065765	-0.065221
61	2	0.046175	0.065224	-0.078596
62	2	0.028594	0.058522	-0.041345
63	2	0.040387	0.065765	-0.065221
64	2	0.044317	0.068179	-0.073180
65	2	0.048248	0.070593	-0.081139
66	2	0.052179	0.073007	-0.089098
67	2	0.020733	0.053694	-0.025427
68	2	0.037573	0.068255	-0.037226
69	2	0.041382	0.071929	-0.039748
70	2	0.049244	0.076757	-0.055665
71	2	0.051943	0.077027	-0.068003
72	2	0.060041	0.077836	-0.105016
73	3	0.002970	-0.008324	0.004694
74	3	0.002970	-0.008324	0.004694
75	3	0.002970	-0.008324	0.004694
76	3	0.002970	-0.008324	0.004694
77	3	0.002970	-0.008324	0.004694
78	3	0.005071	-0.008299	0.005721
79	3	-0.005235	-0.008245	0.007506
80	3	-0.005089	-0.008335	0.005648
81	3	0.001921	0.000989	0.006929
82	3	0.001921	0.000989	0.006929
83	3	-0.001927	0.000976	0.006901
84	3	-0.001927	0.000976	0.006901
85	3	-0.013814	0.006892	0.007299
86	3	0.000099	-0.003182	0.000364
87	3	0.014011	-0.013255	-0.006570
88	3	0.013937	-0.003132	0.000463
89	3	0.013864	0.006991	0.007495
90	3	-0.013814	0.006892	0.007299
91	3	0.000099	-0.003182	0.000364
92	3	0.014011	-0.013255	-0.006570
93	3	0.013937	-0.003132	0.000463
94	3	0.013864	0.006991	0.007495
95	3	0.000099	-0.003182	0.000364
96	3	0.000099	-0.003182	0.000364
97	3	0.014011	-0.013255	-0.006570
98	3	0.013937	-0.003132	0.000463
99	3	0.013937	-0.003132	0.000463
100	4	-0.005235	-0.008245	0.007506
101	4	0.006815	-0.008844	0.007283
102	4	0.007399	-0.008316	0.004679
103	4	-0.008926	-0.006745	0.000327
104	4	0.000810	-0.004230	0.004257
105	4	0.000810	-0.004230	0.004257
106	4	-0.006812	-0.000370	0.008896
107	4	0.004534	-0.004779	0.004831
108	4	-0.007622	-0.008087	0.004614
109	4	-0.009447	-0.006208	-0.001388
110	4	-0.008926	-0.006745	0.000327
111	4	-0.009447	-0.006208	-0.001388
112	4	-0.002765	-0.000193	0.002960
113	4	-0.002675	0.004231	0.007292
114	4	0.004534	-0.004779	0.004831
115	4	0.002970	-0.008324	0.004694
116	4	-0.001523	-0.003675	0.005975
117	4	-0.005485	-0.004941	0.002293
118	4	-0.007862	-0.005701	0.000085
119	4	-0.009447	-0.006208	-0.001388
120	4	-0.007416	-0.003076	0.001216
121	4	-0.004707	0.001100	0.004688
122	4	-0.002675	0.004231	0.007292
123	4	-0.005106	0.005049	0.010576
124	4	-0.005106	0.005049	0.010576
125	4	-0.005106	0.005049	0.010576
126	4	-0.005106	0.005049	0.010576
127	4	-0.005106	0.005049	0.010576
128	4	0.000724	-0.005999	0.005335
129	4	0.003831	-0.004967	0.007302
130	4	-0.005106	0.005049	0.010576
131	4	-0.005106	0.005049	0.010576
132	4	0.003299	0.011930	0.002226
133	4	0.003299	0.011930	0.002226
134	4	-0.005235	-0.008245	0.007506
135	5	-0.005235	-0.008245	0.007506
136	5	-0.006840	-0.008893	0.007186
137	5	-0.002159	-0.008350	0.004611
138	5	0.005642	-0.007446	0.000320
139	5	0.004454	-0.004217	0.004283
140	5	0.004454	-0.004217	0.004283
141	5	0.006836	-0.000321	0.008993
142	5	-0.004550	-0.004812	0.004766
143	5	-0.002159	-0.008350	0.004611
144	5	0.008762	-0.007084	-0.001397
145	5	0.005642	-0.007446	0.000320
146	5	0.008762	-0.007084	-0.001397
147	5	0.006340	-0.000632	0.002956
148	5	0.003917	0.005821	0.007308
149	5	-0.004550	-0.004812	0.004766
150	5	0.002970	-0.008324	0.004694
151	5	0.002179	-0.002835	0.005983
152	5	0.005471	-0.004960	0.002293
153	5	0.007446	-0.006234	0.000079
154	5	0.008762	-0.007084	-0.001397
155	5	0.007309	-0.003213	0.001215
156	5	0.005370	0.001949	0.004697
157	5	0.003917	0.005821	0.007308
158	5	0.006830	0.007255	0.010598
159	5	0.006830	0.007255	0.010598
160	5	0.006830	0.007255	0.010598
161	5	0.006830	0.007255	0.010598
162	5	0.006830	0.007255	0.010598
163	5	0.002575	-0.005579	0.005339
164	5	-0.002957	-0.003850	0.007314
165	5	0.006830	0.007255	0.010598
166	5	0.006830	0.007255	0.010598
167	5	-0.002297	0.013213	0.002239
168	5	-0.002297	0.013213	0.002239
169	6	0.000000	0.000000	0.000000
170	6	0.000000	0.000000	0.000000
171	6	0.000000	0.000000	0.000000
172	6	0.000000	0.000000	0.000000
173	6	0.000000	0.000000	0.000000
174	6	0.000000	0.000000	0.000000
175	6	0.000000	0.000000	0.000000
176	6	0.000000	0.000000	0.000000
177	6	0.000000	0.000000	0.000000
178	6	0.000000	0.000000	0.000000
179	6	0.000000	0.000000	0.000000
180	6	0.000000	0.000000	0.000000
181	6	0.000000	0.000000	0.000000
182	6	0.000000	0.000000	0.000000
183	6	0.000000	0.000000	0.000000
184	6	0.000000	0.000000	0.000000
185	6	0.000000	0.000000	0.000000
186	6	0.000000	0.000000	0.000000
187	6	0.000000	0.000000	0.000000
188	6	0.000000	0.000000	0.000000
189	6	0.000000	0.000000	0.000000
190	6	0.000000	0.000000	0.000000
191	6	0.000000	0.000000	0.000000
192	7	0.000000	0.000000	0.000000
193	7	0.000000	0.000000	0.000000
194	7	0.000000	0.000000	0.000000
195	7	0.000000	0.000000	0.000000
196	7	0.000000	0.000000	0.000000
197	7	0.000000	0.000000	0.000000
198	7	0.000000	0.000000	0.000000
199	7	0.000000	0.000000	0.000000
200	7	0.000000	0.000000	0.000000
201	7	0.000000	0.000000	0.000000
202	7	0.000000	0.000000	0.000000
203	7	0.000000	0.000000	0.000000
204	7	0.000000	0.000000	0.000000
205	7	0.000000	0.000000	0.000000
206	7	0.000000	0.000000	0.000000
207	7	0.000000	0.000000	0.000000
208	7	0.000000	0.000000	0.000000
209	7	0.000000	0.000000	0.000000
210	7	0.000000	0.000000	0.000000
211	7	0.000000	0.000000	0.000000
212	7	0.000000	0.000000	0.000000
213	8	0.000000	0.000000	0.000000
214	8	0.000000	0.000000	0.000000
215	8	0.000000	0.000000	0.000000
216	8	0.000000	0.000000	0.000000
217	8	0.000000	0.000000	0.000000
218	8	0.000000	0.000000	0.000000
219	8	0.000000	0.000000	0.000000
220	8	0.000000	0.000000	0.000000
221	8	0.000000	0.000000	0.000000
222	8	0.000000	0.000000	0.000000
223	8	0.000000	0.000000	0.000000
224	8	0.000000	0.000000	0.000000
225	8	0.000000	0.000000	0.000000
226	8	0.000000	0.000000	0.000000
227	8	0.000000	0.000000	0.000000
228	8	0.000000	0.000000	0.000000
229	8	0.000000	0.000000	0.000000
230	8	0.000000	0.000000	0.000000
231	9	0.000000	0.000000	0.000000
232	9	0.000000	0.000000	0.000000
233	9	0.000000	0.000000	0.000000
234	9	0.000000	0.000000	0.000000
235	9	0.000000	0.000000	0.000000
236	9	0.000000	0.000000	0.000000
237	9	0.000000	0.000000	0.000000
238	9	0.000000	0.000000	0.000000
239	9	0.000000	0.000000	0.000000
240	9	0.000000	0.000000	0.000000
241	9	0.000000	0.000000	0.000000
242	9	0.000000	0.000000	0.000000
243	9	0.000000	0.000000	0.000000
244	9	0.000000	0.000000	0.000000
245	9	0.000000	0.000000	0.000000
246	10	0.005071	-0.008299	0.005721
247	10	0.001921	0.000989	0.006929
248	10	-0.029561	0.030344	0.007654
249	10	-0.029561	0.030344	0.007654
250	10	-0.029561	0.030344	0.007654
251	10	-0.014617	0.040413	0.012626
252	10	-0.014617	0.040413	0.012626
253	10	-0.028772	0.035720	0.008832
254	10	-0.020459	0.013987	0.006851
255	10	-0.047040	0.042371	0.005062
256	10	-0.041611	0.036258	0.002645
257	10	-0.055576	0.058886	-0.018668
258	10	-0.028772	0.035720	0.008832
259	10	-0.034631	0.043080	0.019421
260	10	-0.044429	0.048197	0.012105
261	10	-0.044429	0.048197	0.012105
262	11	-0.005089	-0.008335	0.005648
263	11	-0.001927	0.000976	0.006901
264	11	0.029668	0.030557	0.008075
265	11	0.029668	0.030557	0.008075
266	11	0.029668	0.030557	0.008075
267	11	0.014670	0.040518	0.012834
268	11	0.014670	0.040518	0.012834
269	11	0.028876	0.035928	0.009241
270	11	0.020533	0.014135	0.007142
271	11	0.047210	0.042710	0.005731
272	11	0.041762	0.036558	0.003236
273	11	0.055777	0.059287	-0.017878
274	11	0.028876	0.035928	0.009241
275	11	0.034756	0.043330	0.019913
276	11	0.044590	0.048517	0.012737
277	11	0.044590	0.048517	0.012737
278	12	-0.001534	0.006970	-0.036119
279	12	-0.012781	0.007807	-0.038211
280	12	-0.052210	0.010972	-0.059221
281	12	-0.072464	0.020423	-0.060739
282	12	-0.072464	0.020423	-0.060739
283	12	-0.072464	0.020423	-0.060739
284	12	-0.067495	0.043388	-0.078450
285	12	-0.068737	0.037647	-0.074022
286	12	-0.060041	0.077836	-0.105016
287	12	-0.060041	0.077836	-0.105016
288	12	-0.047428	0.079446	-0.087573
289	12	0.018026	0.050396	-0.016929
290	12	-0.026100	0.068727	-0.033590
291	12	-0.041649	0.081605	-0.043134
292	12	-0.044924	0.081600	-0.074905
293	12	-0.060041	0.077836	-0.105016
294	12	0.027008	-0.000603	-0.023193
295	12	0.020733	0.053694	-0.025427
296	13	0.041945	0.006970	-0.036119
297	13	0.045190	0.007807	-0.038211
298	13	0.060617	0.010972	-0.059221
299	13	0.072464	0.020423	-0.060739
300	13	0.072464	0.020423	-0.060739
301	13	0.072464	0.020423	-0.060739
302	13	0.067495	0.043388	-0.078450
303	13	0.068737	0.037647	-0.074022
304	13	0.060041	0.077836	-0.105016
305	13	0.060041	0.077836	-0.105016
306	13	0.047426	0.079442	-0.087582
307	13	0.018026	0.050396	-0.016929
308	13	0.034502	0.068945	-0.033160
309	13	0.041799	0.081905	-0.042542
310	13	0.044978	0.081707	-0.074693
311	13	0.060041	0.077836	-0.105016
312	14	0.000000	0.000000	0.000000
313	14	0.000000	0.000000	0.000000
314	14	0.000000	0.000000	0.000000
315	14	0.000000	0.000000	0.000000
316	14	0.000000	0.000000	0.000000
317	14	0.000000	0.000000	0.000000
318	14	0.000000	0.000000	0.000000
319	14	0.000000	0.000000	0.000000
320	14	0.000000	0.000000	0.000000
321	14	0.000000	0.000000	0.000000
322	14	0.000000	0.000000	0.000000
323	14	0.000000	0.000000	0.000000
324	14	0.000000	0.000000	0.000000
325	14	0.000000	0.000000	0.000000
326	14	0.000000	0.000000	0.000000
327	15	0.000000	0.000000	0.000000
328	15	0.000000	0.000000	0.000000
329	15	0.000000	0.000000	0.000000
330	15	0.000000	0.000000	0.000000
331	15	0.000000	0.000000	0.000000
332	15	0.000000	0.000000	0.000000
333	15	0.000000	0.000000	0.000000
334	15	0.000000	0.000000	0.000000
335	15	0.000000	0.000000	0.000000
336	15	0.000000	0.000000	0.000000
337	15	0.000000	0.000000	0.000000
338	15	0.000000	0.000000	0.000000
339	15	0.000000	0.000000	0.000000
340	16	0.000000	0.000000	0.000000
341	16	0.000000	0.000000	0.000000
342	16	0.000000	0.000000	0.000000
343	16	0.000000	0.000000	0.000000
344	16	0.000000	0.000000	0.000000
345	16	0.000000	0.000000	0.000000
346	16	0.000000	0.000000	0.000000
347	16	0.000000	0.000000	0.000000
348	16	0.000000	0.000000	0.000000
349	16	0.000000	0.000000	0.000000
350	16	0.000000	0.000000	0.000000
351	16	0.000000	0.000000	0.000000
352	16	0.000000	0.000000	0.000000
353	16	0.000000	0.000000	0.000000
354	16	0.000000	0.000000	0.000000
355	16	0.000000	0.000000	0.000000
356	16	0.000000	0.000000	0.000000
357	17	0.000000	0.000000	0.000000
358	17	0.000000	0.000000	0.000000
359	17	0.000000	0.000000	0.000000
360	17	0.000000	0.000000	0.000000
361	17	0.000000	0.000000	0.000000
362	17	0.000000	0.000000	0.000000
363	17	0.000000	0.000000	0.000000
364	17	0.000000	0.000000	0.000000
365	17	0.000000	0.000000	0.000000
366	17	0.000000	0.000000	0.000000
367	17	0.000000	0.000000	0.000000
368	17	0.000000	0.000000	0.000000
369	17	0.000000	0.000000	0.000000
370	17	0.000000	0.000000	0.000000
371	18	0.000000	0.000000	0.000000
372	18	0.000000	0.000000	0.000000
373	18	0.000000	0.000000	0.000000
374	18	0.000000	0.000000	0.000000
375	18	0.000000	0.000000	0.000000
376	18	0.000000	0.000000	0.000000
377	18	0.000000	0.000000	0.000000
378	18	0.000000	0.000000	0.000000
379	18	0.000000	0.000000	0.000000
380	18	0.000000	0.000000	0.000000
381	18	0.000000	0.000000	0.000000
382	18	0.000000	0.000000	0.000000
383	18	0.000000	0.000000	0.000000
384	18	0.000000	0.000000	0.000000
385	18	0.000000	0.000000	0.000000
386	18	0.000000	0.000000	0.000000
387	18	0.000000	0.000000	0.000000
388	18	0.000000	0.000000	0.000000
389	18	0.000000	0.000000	0.000000
390	18	0.000000	0.000000	0.000000
391	19	0.000000	0.000000	0.000000
392	19	0.000000	0.000000	0.000000
393	19	0.000000	0.000000	0.000000
394	19	0.000000	0.000000	0.000000
395	19	0.000000	0.000000	0.000000
396	19	0.000000	0.000000	0.000000
397	19	0.000000	0.000000	0.000000
398	19	0.000000	0.000000	0.000000
399	19	0.000000	0.000000	0.000000
400	19	0.000000	0.000000	0.000000
401	19	0.000000	0.000000	0.000000
402	19	0.000000	0.000000	0.000000
403	19	0.000000	0.000000	0.000000
404	19	0.000000	0.000000	0.000000
405	19	0.000000	0.000000	0.000000
406	19	0.000000	0.000000	0.000000
407	19	0.000000	0.000000	0.000000
408	19	0.000000	0.000000	0.000000
409	20	0.000000	0.000000	0.000000
410	20	0.000000	0.000000	0.000000
411	20	0.000000	0.000000	0.000000
412	20	0.000000	0.000000	0.000000
413	20	0.000000	0.000000	0.000000
414	20	0.000000	0.000000	0.000000
415	20	0.000000	0.000000	0.000000
416	20	0.000000	0.000000	0.000000
417	20	0.000000	0.000000	0.000000
418	20	0.000000	0.000000	0.000000
419	20	0.000000	0.000000	0.000000
420	20	0.000000	0.000000	0.000000
421	20	0.000000	0.000000	0.000000
422	20	0.000000	0.000000	0.000000
423	20	0.000000	0.000000	0.000000
424	20	0.000000	0.000000	0.000000
425	20	0.000000	0.000000	0.000000
426	20	0.000000	0.000000	0.000000
427	20	0.000000	0.000000	0.000000
428	20	0.000000	0.000000	0.000000
429	20	0.000000	0.000000	0.000000
430	20	0.000000	0.000000	0.000000
431	20	0.000000	0.000000	0.000000
432	20	0.000000	0.000000	0.000000
433	20	0.000000	0.000000	0.000000
434	21	0.000000	0.000000	0.000000
435	21	0.000000	0.000000	0.000000
436	21	0.000000	0.000000	0.000000
437	21	0.000000	0.000000	0.000000
438	21	0.000000	0.000000	0.000000
439	21	0.000000	0.000000	0.000000
440	21	0.000000	0.000000	0.000000
441	21	0.000000	0.000000	0.000000
442	21	0.000000	0.000000	0.000000
443	21	0.000000	0.000000	0.000000
444	21	0.000000	0.000000	0.000000
445	21	0.000000	0.000000	0.000000
446	21	0.000000	0.000000	0.000000
447	21	0.000000	0.000000	0.000000
448	21	0.000000	0.000000	0.000000
449	21	0.000000	0.000000	0.000000
450	21	0.000000	0.000000	0.000000
451	21	0.000000	0.000000	0.000000
452	21	0.000000	0.000000	0.000000
453	21	0.000000	0.000000	0.000000
454	21	0.000000	0.000000	0.000000
455	21	0.000000	0.000000	0.000000
456	21	0.000000	0.000000	0.000000
457	21	0.000000	0.000000	0.000000
458	21	0.000000	0.000000	0.000000
459	22	0.000000	0.000000	0.000000
460	22	0.000000	0.000000	0.000000
461	22	0.000000	0.000000	0.000000
462	22	0.000000	0.000000	0.000000
463	22	0.000000	0.000000	0.000000
464	22	0.000000	0.000000	0.000000
465	22	0.000000	0.000000	0.000000
466	22	0.000000	0.000000	0.000000
467	22	0.000000	0.000000	0.000000
468	22	0.000000	0.000000	0.000000
469	22	0.000000	0.000000	0.000000
470	22	0.000000	0.000000	0.000000
471	22	0.000000	0.000000	0.000000
472	22	0.000000	0.000000	0.000000
473	22	0.000000	0.000000	0.000000
474	22	0.000000	0.000000	0.000000
475	22	0.000000	0.000000	0.000000
476	22	0.000000	0.000000	0.000000
477	22	0.000000	0.000000	0.000000
478	22	0.000000	0.000000	0.000000
479	22	0.000000	0.000000	0.000000
480	22	0.000000	0.000000	0.000000
481	22	0.000000	0.000000	0.000000
482	22	0.000000	0.000000	0.000000
483	22	0.000000	0.000000	0.000000
484	22	0.000000	0.000000	0.000000
485	22	0.000000	0.000000	0.000000
486	22	0.000000	0.000000	0.000000
487	22	0.000000	0.000000	0.000000
488	22	0.000000	0.000000	0.000000
489	22	0.000000	0.000000	0.000000
490	22	0.000000	0.000000	0.000000
491	22	0.000000	0.000000	0.000000
492	22	0.000000	0.000000	0.000000
493	22	0.000000	0.000000	0.000000
494	22	0.000000	0.000000	0.000000
495	22	0.000000	0.000000	0.000000
496	22	0.000000	0.000000	0.000000
497	22	0.000000	0.000000	0.000000
498	22	0.000000	0.000000	0.000000
499	22	0.000000	0.000000	0.000000
500	22	0.000000	0.000000	0.000000
501	23	0.000000	0.000000	0.000000
502	23	0.000000	0.000000	0.000000
503	23	0.000000	0.000000	0.000000
504	23	0.000000	0.000000	0.000000
505	23	0.000000	0.000000	0.000000
506	23	0.000000	0.000000	0.000000
507	23	0.000000	0.000000	0.000000
508	23	0.000000	0.000000	0.000000
509	23	0.000000	0.000000	0.000000
510	23	0.000000	0.000000	0.000000
511	23	0.000000	0.000000	0.000000
512	23	0.000000	0.000000	0.000000
513	23	0.000000	0.000000	0.000000
514	23	0.000000	0.000000	0.000000
515	23	0.000000	0.000000	0.000000
516	23	0.000000	0.000000	0.000000
517	23	0.000000	0.000000	0.000000
518	23	0.000000	0.000000	0.000000
519	23	0.000000	0.000000	0.000000
520	23	0.000000	0.000000	0.000000
521	23	0.000000	0.000000	0.000000
522	23	0.000000	0.000000	0.000000
523	23	0.000000	0.000000	0.000000
524	23	0.000000	0.000000	0.000000
525	23	0.000000	0.000000	0.000000
526	23	0.000000	0.000000	0.000000
527	23	0.000000	0.000000	0.000000
528	23	0.000000	0.000000	0.000000
529	23	0.000000	0.000000	0.000000
530	23	0.000000	0.000000	0.000000
531	23	0.000000	0.000000	0.000000
532	23	0.000000	0.000000	0.000000
533	23	0.000000	0.000000	0.000000
534	23	0.000000	0.000000	0.000000
535	23	0.000000	0.000000	0.000000
536	23	0.000000	0.000000	0.000000
537	23	0.000000	0.000000	0.000000
538	23	0.000000	0.000000	0.000000
539	23	0.000000	0.000000	0.000000
540	23	0.000000	0.000000	0.000000
541	23	0.000000	0.000000	0.000000
542	23	0.000000	0.000000	0.000000
543	25	0.000000	0.000000	0.000000
544	25	0.000000	0.000000	0.000000
545	25	0.000000	0.000000	0.000000
546	25	0.000000	0.000000	0.000000
547	25	0.000000	0.000000	0.000000
548	25	0.000000	0.000000	0.000000
549	25	0.000000	0.000000	0.000000
550	25	0.000000	0.000000	0.000000
551	25	0.000000	0.000000	0.000000
552	25	0.000000	0.000000	0.000000
553	25	0.000000	0.000000	0.000000
554	25	0.000000	0.000000	0.000000
555	25	0.000000	0.000000	0.000000
556	25	0.000000	0.000000	0.000000
557	25	0.000000	0.000000	0.000000
558	25	0.000000	0.000000	0.000000
559	25	0.000000	0.000000	0.000000
560	25	0.000000	0.000000	0.000000
561	25	0.000000	0.000000	0.000000
562	25	0.000000	0.000000	0.000000
563	25	0.000000	0.000000	0.000000
564	25	0.000000	0.000000	0.000000
565	25	0.000000	0.000000	0.000000
566	25	0.000000	0.000000	0.000000
567	25	0.000000	0.000000	0.000000
568	25	0.000000	0.000000	0.000000
569	25	0.000000	0.000000	0.000000
570	25	0.000000	0.000000	0.000000
571	25	0.000000	0.000000	0.000000
572	25	0.000000	0.000000	0.000000
573	25	0.000000	0.000000	0.000000
574	25	0.000000	0.000000	0.000000
575	25	0.000000	0.000000	0.000000
576	25	0.000000	0.000000	0.000000
577	25	0.000000	0.000000	0.000000
578	25	0.000000	0.000000	0.000000
579	25	0.000000	0.000000	0.000000
580	25	0.000000	0.000000	0.000000
581	25	0.000000	0.000000	0.000000
582	25	0.000000	0.000000	0.000000
583	25	0.000000	0.000000	0.000000
584	25	0.000000	0.000000	0.000000
585	25	0.000000	0.000000	0.000000
586	25	0.000000	0.000000	0.000000
587	25	0.000000	0.000000	0.000000
588	25	0.000000	0.000000	0.000000
589	25	0.000000	0.000000	0.000000
590	25	0.000000	0.000000	0.000000
591	25	0.000000	0.000000	0.000000
592	25	0.000000	0.000000	0.000000
593	25	0.000000	0.000000	0.000000
594	25	0.000000	0.000000	0.000000
595	25	0.000000	0.000000	0.000000
596	25	0.000000	0.000000	0.000000
597	25	0.000000	0.000000	0.000000
598	25	0.000000	0.000000	0.000000
599	25	0.000000	0.000000	0.000000
600	25	0.000000	0.000000	0.000000
601	25	0.000000	0.000000	0.000000
602	25	0.000000	0.000000	0.000000
603	25	0.000000	0.000000	0.000000
604	25	0.000000	0.000000	0.000000
605	25	0.000000	0.000000	0.000000
606	25	0.000000	0.000000	0.000000
607	25	0.000000	0.000000	0.000000
608	25	0.000000	0.000000	0.000000
609	25	0.000000	0.000000	0.000000
610	25	0.000000	0.000000	0.000000
611	25	0.000000	0.000000	0.000000
612	25	0.000000	0.000000	0.000000
613	25	0.000000	0.000000	0.000000
614	25	0.000000	0.000000	0.000000
615	25	0.000000	0.000000	0.000000
616	25	0.000000	0.000000	0.000000
617	25	0.000000	0.000000	0.000000
618	25	0.000000	0.000000	0.000000
619	25	0.000000	0.000000	0.000000
620	25	0.000000	0.000000	0.000000
621	25	0.000000	0.000000	0.000000
622	25	0.000000	0.000000	0.000000
623	25	0.000000	0.000000	0.000000
624	25	0.000000	0.000000	0.000000
625	25	0.000000	0.000000	0.000000
626	25	0.000000	0.000000	0.000000
627	25	0.000000	0.000000	0.000000
628	25	0.000000	0.000000	0.000000
629	25	0.000000	0.000000	0.000000
630	25	0.000000	0.000000	0.000000
631	25	0.000000	0.000000	0.000000
632	25	0.000000	0.000000	0.000000
633	25	0.000000	0.000000	0.000000
634	25	0.000000	0.000000	0.000000
635	25	0.000000	0.000000	0.000000
636	25	0.000000	0.000000	0.000000
637	25	0.000000	0.000000	0.000000
638	25	0.000000	0.000000	0.000000
639	25	0.000000	0.000000	0.000000
640	25	0.000000	0.000000	0.000000
641	25	0.000000	0.000000	0.000000
642	25	0.000000	0.000000	0.000000
643	25	0.000000	0.000000	0.000000
644	25	0.000000	0.000000	0.000000
645	25	0.000000	0.000000	0.000000
646	25	0.000000	0.000000	0.000000
647	25	0.000000	0.000000	0.000000
648	25	0.000000	0.000000	0.000000
649	25	0.000000	0.000000	0.000000
650	25	0.000000	0.000000	0.000000
651	25	0.000000	0.000000	0.000000
652	25	0.000000	0.000000	0.000000
653	25	0.000000	0.000000	0.000000
654	25	0.000000	0.000000	0.000000
655	25	0.000000	0.000000	0.000000
656	25	0.000000	0.000000	0.000000
657	25	0.000000	0.000000	0.000000
658	25	0.000000	0.000000	0.000000
659	25	0.000000	0.000000	0.000000
660	25	0.000000	0.000000	0.000000
661	25	0.000000	0.000000	0.000000
662	25	0.000000	0.000000	0.000000
663	25	0.000000	0.000000	0.000000
664	25	0.000000	0.000000	0.000000
665	25	0.000000	0.000000	0.000000
666	25	0.000000	0.000000	0.000000
667	25	0.000000	0.000000	0.000000
668	25	0.000000	0.000000	0.000000
669	25	0.000000	0.000000	0.000000
670	25	0.000000	0.000000	0.000000
671	25	0.000000	0.000000	0.000000
672	25	0.000000	0.000000	0.000000
673	25	0.000000	0.000000	0.000000
674	26	0.000000	0.000000	0.000000
675	26	0.000000	0.000000	0.000000
676	26	0.000000	0.000000	0.000000
677	26	0.000000	0.000000	0.000000
678	26	0.000000	0.000000	0.000000
679	26	0.000000	0.000000	0.000000
680	26	0.000000	0.000000	0.000000
681	26	0.000000	0.000000	0.000000
682	26	0.000000	0.000000	0.000000
683	26	0.000000	0.000000	0.000000
684	26	0.000000	0.000000	0.000000
685	26	0.000000	0.000000	0.000000
686	26	0.000000	0.000000	0.000000
687	26	0.000000	0.000000	0.000000
688	26	0.000000	0.000000	0.000000
689	26	0.000000	0.000000	0.000000
690	26	0.000000	0.000000	0.000000
691	26	0.000000	0.000000	0.000000
692	26	0.000000	0.000000	0.000000
693	26	0.000000	0.000000	0.000000
694	26	0.000000	0.000000	0.000000
695	26	0.000000	0.000000	0.000000
696	26	0.000000	0.000000	0.000000
697	26	0.000000	0.000000	0.000000
698	26	0.000000	0.000000	0.000000
699	26	0.000000	0.000000	0.000000
700	26	0.000000	0.000000	0.000000
701	26	0.000000	0.000000	0.000000
702	26	0.000000	0.000000	0.000000
703	26	0.000000	0.000000	0.000000
704	26	0.000000	0.000000	0.000000
705	26	0.000000	0.000000	0.000000
706	26	0.000000	0.000000	0.000000
707	26	0.000000	0.000000	0.000000
708	26	0.000000	0.000000	0.000000
709	26	0.000000	0.000000	0.000000
710	26	0.000000	0.000000	0.000000
711	26	0.000000	0.000000	0.000000
712	26	0.000000	0.000000	0.000000
713	26	0.000000	0.000000	0.000000
714	26	0.000000	0.000000	0.000000
715	26	0.000000	0.000000	0.000000
716	26	0.000000	0.000000	0.000000
717	26	0.000000	0.000000	0.000000
718	26	0.000000	0.000000	0.000000
719	26	0.000000	0.000000	0.000000
720	26	0.000000	0.000000	0.000000
721	26	0.000000	0.000000	0.000000
722	26	0.000000	0.000000	0.000000
723	26	0.000000	0.000000	0.000000
724	26	0.000000	0.000000	0.000000
725	26	0.000000	0.000000	0.000000
726	26	0.000000	0.000000	0.000000
727	26	0.000000	0.000000	0.000000
728	26	0.000000	0.000000	0.000000
729	26	0.000000	0.000000	0.000000
730	26	0.000000	0.000000	0.000000
731	26	0.000000	0.000000	0.000000
732	26	0.000000	0.000000	0.000000
733	26	0.000000	0.000000	0.000000
734	26	0.000000	0.000000	0.000000
735	26	0.000000	0.000000	0.000000
736	26	0.000000	0.000000	0.000000
737	26	0.000000	0.000000	0.000000
738	26	0.000000	0.000000	0.000000
739	26	0.000000	0.000000	0.000000
740	26	0.000000	0.000000	0.000000
741	26	0.000000	0.000000	0.000000
742	26	0.000000	0.000000	0.000000
743	26	0.000000	0.000000	0.000000
744	26	0.000000	0.000000	0.000000
745	26	0.000000	0.000000	0.000000
746	26	0.000000	0.000000	0.000000
747	26	0.000000	0.000000	0.000000
748	26	0.000000	0.000000	0.000000
749	26	0.000000	0.000000	0.000000
750	26	0.000000	0.000000	0.000000
751	26	0.000000	0.000000	0.000000
752	26	0.000000	0.000000	0.000000
753	26	0.000000	0.000000	0.000000
754	26	0.000000	0.000000	0.000000
755	26	0.000000	0.000000	0.000000
756	26	0.000000	0.000000	0.000000
757	26	0.000000	0.000000	0.000000
758	26	0.000000	0.000000	0.000000
759	26	0.000000	0.000000	0.000000
760	26	0.000000	0.000000	0.000000
761	26	0.000000	0.000000	0.000000
762	26	0.000000	0.000000	0.000000
763	26	0.000000	0.000000	0.000000
764	26	0.000000	0.000000	0.000000
765	26	0.000000	0.000000	0.000000
766	26	0.000000	0.000000	0.000000
767	26	0.000000	0.000000	0.000000
768	26	0.000000	0.000000	0.000000
769	26	0.000000	0.000000	0.000000
770	26	0.000000	0.000000	0.000000
771	26	0.000000	0.000000	0.000000
772	26	0.000000	0.000000	0.000000
773	26	0.000000	0.000000	0.000000
774	26	0.000000	0.000000	0.000000
775	26	0.000000	0.000000	0.000000
776	26	0.000000	0.000000	0.000000
777	26	0.000000	0.000000	0.000000
778	26	0.000000	0.000000	0.000000
779	26	0.000000	0.000000	0.000000
780	26	0.000000	0.000000	0.000000
781	26	0.000000	0.000000	0.000000
782	26	0.000000	0.000000	0.000000
783	26	0.000000	0.000000	0.000000
784	26	0.000000	0.000000	0.000000
785	26	0.000000	0.000000	0.000000
786	26	0.000000	0.000000	0.000000
