  39  44  45  43  41  38  66 183 173 168 182  38  46  49  45  44
  37  40  42  42  45  41  90 219 218 219 200  47  42  41  34  41
 106 172 145  45  38  48  48 102 102 103 113  45  41 150 150 136
 129 213 161  44  41  41  40  43  45  44  48  40  56 213 215 215
 113 210 180  41  60 148 148  46  41  43  40  43  53 131 137 216
 118 213 181  41  78 208 208  47  45  46  45  46  42  40  44 214
 119 212 182 138 156 215 198  47  43  40  30 136 122 122 129 216
 115 207 207 213 212 211 216  51  41  40  49 216 224 221 218 221
  75 115 147 207 203 144 131 126 117 113 134 155 138 222 225 153
  43  40  91 212 198  45  58 215 218 222 221  58  40 219 230  65
  41  38  79 212 203  46  71 221 224 223 216 120 109 223 222  57
  46  36  89 213 198  44  63 218 225 224 225 214 222 222 231  54
  63 109 145 148 140 110 136 159 158 160 153 222 219 217 213 114
 104 210 186  51  73 221 208  54  46  42  50 210 216 220 215 217
 103 211 186  41  70 224 219  50  45  40  55 218 228 146 156 214
  96 210 187  42  74 227 212  50  45  46  51 223 222  50  56 216
  30  30  32  31  30  29  30 132 135 137 183  34  31  32  30  32
  27  30  31  32  31  25  37 180 177 183 212  39  30  31  25  29
  59 131 144  31  30  31  34 106 104 103 119  36   7 103 106  97
  75 175 179  33  30  29  28  32  31  32  32  32  17 168 179 175
  70 176 186  28  23 110 149  34  32  32  31  31  28 121  99 167
  66 174 196  28  33 173 209  41  32  31  28  32  30  32   6 167
  65 170 162 101 105 174 213  36  31  32   7  90  86  87  80 167
  70 172 167 171 176 174 216  44  29  30   5 166 179 177 174 177
  51 114  96 170 201 130 114  91  86  85 110 134 104 177 204 143
  32  28  41 171 209  35  19 169 175 178 219  49   7 163 221  57
  32  22  40 171 200  37  18 173 177 178 198  97  64 175 218  61
  30  24  37 172 209  33  21 171 178 177 183 178 177 182 217  53
  32  83 124 133 126  78 110 145 146 148 123 175 176 178 193  89
  50 171 194  35  26 173 214  42  32  32   9 167 175 175 174 175
  48 170 196  31  27 178 221  44  32  30  16 168 199 150 114 174
  50 168 198  34  27 180 223  40  32  31   7 174 219  47  10 167
  31  32  32  31  32  29  37 139 142 148 177  35  32  32  31  32
  25  33  32  30  33  28  40 185 183 184 214  39  31  34  30  30
  61 136 142  33  32  32  33 100  91 100 103  36   4 111 118 109
  81 174 188  34  30  35  31  32  32  32  32  32  19 171 180 177
  71 177 187  33  29 117 150  34  32  32  32  32  23 116  95 171
  67 176 199  32  35 175 208  42  30  32  31  32  32  32   6 172
  68 174 175 109 111 173 219  40  30  32  12  92  96  93  85 169
  72 170 171 178 177 177 214  45  33  32   4 168 177 180 176 177
  46 106  99 174 207 122 120  92  94  91 109 123 111 183 198 141
  32  27  43 173 219  38  18 174 177 178 218  50   9 171 218  59
  32  27  42 173 203  42  22 175 179 179 197  97  67 179 220  66
  32  28  40 175 211  36  23 177 176 181 184 184 179 179 216  54
  35  87 120 129 130  85 110 143 145 144 122 176 180 178 195  86
  57 173 201  37  30 177 221  43  34  34   9 170 176 178 175 174
  50 173 199  31  29 179 219  44  32  34  19 169 200 153 119 176
  53 171 204  36  31 183 229  43  32  32   9 179 221  52  15 169

  44  41 136 215 216 214 216 221 153  65  57  54 114 217 214 216
  45  34 150 215 137  44 129 218 225 230 222 231 213 215 156  56
  49  41 150 213 131  40 122 221 222 219 223 222 217 220 146  50
  46  42  41  56  53  42 122 224 138  40 109 222 219 216 228 222
  38  47  45  40  43  46 136 216 155  58 120 214 222 210 218 223
 182 200 113  48  40  45  30  49 134 221 216 225 153  50  55  51
 168 219 103  44  43  46  40  40 113 222 223 224 160  42  40  46
 173 218 102  45  41  45  43  41 117 218 224 225 158  46  45  45
 183 219 102  43  46  47  47  51 126 215 221 218 159  54  50  50
  66  90  48  40 148 208 198 216 131  58  71  63 136 208 219 212
  38  41  48  41 148 208 215 211 144  45  46  44 110 221 224 227
  41  45  38  41  60  78 156 212 203 198 203 198 140  73  70  74
  43  42  45  44  41  41 138 213 207 212 212 213 148  51  41  42
  45  42 145 161 180 181 182 207 147  91  79  89 145 186 186 187
  44  40 172 213 210 213 212 207 115  40  38  36 109 210 211 210
  39  37 106 129 113 118 119 115  75  43  41  46  63 104 103  96
  32  29  97 175 167 167 167 177 143  57  61  53  89 175 174 167
  30  25 106 179  99   6  80 174 204 221 218 217 193 174 114  10
  32  31 103 168 121  32  87 177 177 163 175 182 178 175 150  47
  31  30   7  17  28  30  86 179 104   7  64 177 176 175 199 219
  34  39  36  32  31  32  90 166 134  49  97 178 175 167 168 174
 183 212 119  32  31  28   7   5 110 219 198 183 123   9  16   7
 137 183 103  32  32  31  32  30  85 178 178 177 148  32  30  31
 135 177 104  31  32  32  31  29  86 175 177 178 146  32  32  32
 132 180 106  32  34  41  36  44  91 169 173 171 145  42  44  40
  30  37  34  28 149 209 213 216 114  19  18  21 110 214 221 223
  29  25  31  29 110 173 174 174 130  35  37  33  78 173 178 180
  30  31  30  30  23  33 105 176 201 209 200 209 126  26  27  27
  31  32  31  33  28  28 101 171 170 171 171 172 133  35  31  34
  32  31 144 179 186 196 162 167  96  41  40  37 124 194 196 198
  30  30 131 175 176 174 170 172 114  28  22  24  83 171 170 168
  30  27  59  75  70  66  65  70  51  32  32  30  32  50  48  50
  32  30 109 177 171 172 169 177 141  59  66  54  86 174 176 169
  31  30 118 180  95   6  85 176 198 218 220 216 195 175 119  15
  32  34 111 171 116  32  93 180 183 171 179 179 178 178 153  52
  32  31   4  19  23  32  96 177 111   9  67 179 180 176 200 221
  35  39  36  32  32  32  92 168 123  50  97 184 176 170 169 179
 177 214 103  32  32  31  12   4 109 218 197 184 122   9  19   9
 148 184 100  32  32  32  32  32  91 178 179 181 144  34  34  32
 142 183  91  32  32  30  30  33  94 177 179 176 145  34  32  32
 139 185 100  32  34  42  40  45  92 174 175 177 143  43  44  43
  37  40  33  31 150 208 219 214 120  18  22  23 110 221 219 229
  29  28  32  35 117 175 173 177 122  38  42  36  85 177 179 183
  32  33  32  30  29  35 111 177 207 219 203 211 130  30  29  31
  31  30  33  34  33  32 109 178 174 173 173 175 129  37  31  36
  32  32 142 188 187 199 175 171  99  43  42  40 120 201 199 204
  32  33 136 174 177 176 174 170 106  27  27  28  87 173 173 171
  31  25  61  81  71  67  68  72  46  32  32  32  35  57  50  53

 216  56  50 222 223  51  46  45  50 212 227  74  42 187 210  96
 214 156 146 228 218  55  40  45  50 219 224  70  41 186 211 103
 217 215 220 216 210  50  42  46  54 208 221  73  51 186 210 104
 114 213 217 219 222 153 160 158 159 136 110 140 148 145 109  63
  54 231 222 222 214 225 224 225 218  63  44 198 213  89  36  46
  57 222 223 109 120 216 223 224 221  71  46 203 212  79  38  41
  65 230 219  40  58 221 222 218 215  58  45 198 212  91  40  43
 153 225 222 138 155 134 113 117 126 131 144 203 207 147 115  75
 221 218 221 224 216  49  40  41  51 216 211 212 213 207 207 115
 216 129 122 122 136  30  40  43  47 198 215 156 138 182 212 119
 214  44  40  42  46  45  46  45  47 208 208  78  41 181 213 118
 216 137 131  53  43  40  43  41  46 148 148  60  41 180 210 113
 215 215 213  56  40  48  44  45  43  40  41  41  44 161 213 129
 136 150 150  41  45 113 103 102 102  48  48  38  45 145 172 106
  41  34  41  42  47 200 219 218 219  90  41  45  42  42  40  37
  44  45  49  46  38 182 168 173 183  66  38  41  43  45  44  39
 167  10  47 219 174   7  31  32  40 223 180  27  34 198 168  50
 174 114 150 199 168  16  30  32  44 221 178  27  31 196 170  48
 175 174 175 175 167   9  32  32  42 214 173  26  35 194 171  50
  89 193 178 176 175 123 148 146 145 110  78 126 133 124  83  32
  53 217 182 177 178 183 177 178 171  21  33 209 172  37  24  30
  61 218 175  64  97 198 178 177 173  18  37 200 171  40  22  32
  57 221 163   7  49 219 178 175 169  19  35 209 171  41  28  32
 143 204 177 104 134 110  85  86  91 114 130 201 170  96 114  51
 177 174 177 179 166   5  30  29  44 216 174 176 171 167 172  70
 167  80  87  86  90   7  32  31  36 213 174 105 101 162 170  65
 167   6  32  30  32  28  31  32  41 209 173  33  28 196 174  66
 167  99 121  28  31  31  32  32  34 149 110  23  28 186 176  70
 175 179 168  17  32  32  32  31  32  28  29  30  33 179 175  75
  97 106 103   7  36 119 103 104 106  34  31  30  31 144 131  59
  29  25  31  30  39 212 183 177 180  37  25  31  32  31  30  27
  32  30  32  31  34 183 137 135 132  30  29  30  31  32  30  30
 169  15  52 221 179   9  32  32  43 229 183  31  36 204 171  53
 176 119 153 200 169  19  34  32  44 219 179  29  31 199 173  50
 174 175 178 176 170   9  34  34  43 221 177  30  37 201 173  57
  86 195 178 180 176 122 144 145 143 110  85 130 129 120  87  35
  54 216 179 179 184 184 181 176 177  23  36 211 175  40  28  32
  66 220 179  67  97 197 179 179 175  22  42 203 173  42  27  32
  59 218 171   9  50 218 178 177 174  18  38 219 173  43  27  32
 141 198 183 111 123 109  91  94  92 120 122 207 174  99 106  46
 177 176 180 177 168   4  32  33  45 214 177 177 178 171 170  72
 169  85  93  96  92  12  32  30  40 219 173 111 109 175 174  68
 172   6  32  32  32  31  32  30  42 208 175  35  32 199 176  67
 171  95 116  23  32  32  32  32  34 150 117  29  33 187 177  71
 177 180 171  19  32  32  32  32  32  31  35  30  34 188 174  81
 109 118 111   4  36 103 100  91 100  33  32  32  33 142 136  61
  30  30  34  31  39 214 184 183 185  40  28  33  30  32  33  25
  32  31  32  32  35 177 148 142 139  37  29  32  31  32  32  31

  96 103 104  63  46  41  43  75 115 119 118 113 129 106  37  39
 210 211 210 109  36  38  40 115 207 212 213 210 213 172  40  44
 187 186 186 145  89  79  91 147 207 182 181 180 161 145  42  45
  42  41  51 148 213 212 212 207 213 138  41  41  44  45  42  43
  74  70  73 140 198 203 198 203 212 156  78  60  41  38  45  41
 227 224 221 110  44  46  45 144 211 215 208 148  41  48  41  38
 212 219 208 136  63  71  58 131 216 198 208 148  40  48  90  66
  50  50  54 159 218 221 215 126  51  47  47  46  43 102 219 183
  45  45  46 158 225 224 218 117  41  43  45  41  45 102 218 173
  46  40  42 160 224 223 222 113  40  40  46  43  44 103 219 168
  51  55  50 153 225 216 221 134  49  30  45  40  48 113 200 182
 223 218 210 222 214 120  58 155 216 136  46  43  40  45  47  38
 222 228 216 219 222 109  40 138 224 122  42  53  56  41  42  46
  50 146 220 217 222 223 219 222 221 122  40 131 213 150  41  49
  56 156 215 213 231 222 230 225 218 129  44 137 215 150  34  45
 216 214 217 114  54  57  65 153 221 216 214 216 215 136  41  44
  50  48  50  32  30  32  32  51  70  65  66  70  75  59  27  30
 168 170 171  83  24  22  28 114 172 170 174 176 175 131  30  30
 198 196 194 124  37  40  41  96 167 162 196 186 179 144  31  32
  34  31  35 133 172 171 171 170 171 101  28  28  33  31  32  31
  27  27  26 126 209 200 209 201 176 105  33  23  30  30  31  30
 180 178 173  78  33  37  35 130 174 174 173 110  29  31  25  29
 223 221 214 110  21  18  19 114 216 213 209 149  28  34  37  30
  40  44  42 145 171 173 169  91  44  36  41  34  32 106 180 132
  32  32  32 146 178 177 175  86  29  31  32  32  31 104 177 135
  31  30  32 148 177 178 178  85  30  32  31  32  32 103 183 137
   7  16   9 123 183 198 219 110   5   7  28  31  32 119 212 183
 174 168 167 175 178  97  49 134 166  90  32  31  32  36  39  34
 219 199 175 176 177  64   7 104 179  86  30  28  17   7  30  31
  47 150 175 178 182 175 163 177 177  87  32 121 168 103  31  32
  10 114 174 193 217 218 221 204 174  80   6  99 179 106  25  30
 167 174 175  89  53  61  57 143 177 167 167 167 175  97  29  32
  53  50  57  35  32  32  32  46  72  68  67  71  81  61  25  31
 171 173 173  87  28  27  27 106 170 174 176 177 174 136  33  32
 204 199 201 120  40  42  43  99 171 175 199 187 188 142  32  32
  36  31  37 129 175 173 173 174 178 109  32  33  34  33  30  31
  31  29  30 130 211 203 219 207 177 111  35  29  30  32  33  32
 183 179 177  85  36  42  38 122 177 173 175 117  35  32  28  29
 229 219 221 110  23  22  18 120 214 219 208 150  31  33  40  37
  43  44  43 143 177 175 174  92  45  40  42  34  32 100 185 139
  32  32  34 145 176 179 177  94  33  30  30  32  32  91 183 142
  32  34  34 144 181 179 178  91  32  32  32  32  32 100 184 148
   9  19   9 122 184 197 218 109   4  12  31  32  32 103 214 177
 179 169 170 176 184  97  50 123 168  92  32  32  32  36  39  35
 221 200 176 180 179  67   9 111 177  96  32  23  19   4  31  32
  52 153 178 178 179 179 171 183 180  93  32 116 171 111  34  32
  15 119 175 195 216 220 218 198 176  85   6  95 180 118  30  31
 169 176 174  86  54  66  59 141 177 169 172 171 177 109  30  32

