  54  88 240 229  59  47  50  50  49  49  50  28 208 240 136  48
  54  77 214 203  97  92  54  48  50  51  97  88 214 240 129  49
  55  51  53  65 240 229  72  49  49  45 209 240 240 240 131  51
 101 100 101  96 240 227  82  54  61  60 228 240 240 240 150  90
 234 236 239 239 240 240 240 240 240 240  94  29 213 240 240 240
 240 240 240 240 240 240 240 237 234 236 102  45 203 240 219 232
  60 100 240 232  72  69  59  56  59  92  60  49 206 240 144  83
  63 114 240 217  86  79  86  81  50  51  50  41 209 240 120  44
 240 240 240 229 195 198 205 210 214 220 226 229 239 240 240 240
 240 240 240 240 240 240 240 240 240 240 240 240 240 240 240 240
 112 107 108 100 106 109 101  92  82 105 235 240 129  73 107 111
  63  54  57  55  54  50  54  54  54  42 228 240 112  58  55  55
  63  64  59  59  54  57  59  55  59  51 119  99 195 193 116  51
  67  66  64  62  64  66  61  63  59  54  63  24 234 240 126  59
 186 195 206 207 182 184 189 192 191 188 190 188 238 240 233 209
 240 240 240 240 240 240 240 240 240 240 240 240 240 240 240 240
  43  26 228 236  56  45  41  39  38  40  39  17 140 233 147  39
  45  39 217 221  90  95  52  40  40  29  66  59 166 238 148  40
  48  45  56  31 229 239  91  41  39  15 164 223 229 237 150  41
  76  77  81  39 234 240 113  66  68  51 186 204 221 239 160  65
 222 225 223 223 233 239 233 224 221 234 126  25 161 237 235 227
 227 220 235 232 226 230 234 230 227 235 126  15 155 235 227 223
  75  71 236 240  86  70  70  66  66  79  57  16 162 235 149  69
  48  47 240 224  71  60  59  56  48  48  53  23 163 232 147  56
 222 219 240 230 210 213 216 215 217 221 219 204 216 228 217 209
 237 237 237 227 236 239 240 240 237 235 230 235 226 225 223 224
 113 108 105  99 102 105 103 101  94  67 201 240 157  85  94  98
  48  48  48  46  49  48  48  47  47  10 186 239 118  49  46  42
  50  48  48  48  45  46  47  48  47  30  91  84 177 209 138  48
  54  53  50  50  52  52  52  51  48  48  51  17 188 240 153  52
 182 186 192 189 187 190 194 181 186 190 193 180 223 240 220 195
 240 240 240 240 240 240 240 240 240 240 240 240 240 240 240 240
  44  28 207 224  58  47  45  41  38  41  41  18 130 213 147  40
  44  39 203 206  80  85  51  41  41  31  49  45 160 219 147  45
  48  45  54  32 207 228  94  40  41  17 149 206 209 217 145  42
  50  50  55  41 213 229 126  76  80  66 150 173 202 218 153  41
 210 205 205 203 214 219 213 197 196 219 132  31 153 214 212 204
 195 198 208 204 187 200 218 213 216 227 129  16 141 216 220 208
  89  74 212 234  89  72  69  66  63  59  53  17 149 219 136  55
  40  41 221 213  59  43  40  42  51  48  56  26 153 220 157  65
 192 202 218 218 218 214 207 207 205 204 204 193 197 208 182 168
 220 219 209 210 219 220 219 219 213 206 209 208 208 205 200 205
 100 100  94  83  73  99 107 103 100  69 185 217 161  90  76  70
  48  49  49  46  49  48  48  47  46  10 175 221 115  46  47  43
  49  48  48  48  45  46  47  48  48  26  71  69 161 188 142  48
  49  50  49  48  47  49  52  47  47  48  52  17 177 225 152  53
 176 173 166 161 179 188 189 143 154 159 173 159 209 223 191 175
 240 240 240 240 240 240 240 240 236 237 239 233 232 224 230 227

  48  49  51  90 240 232  83  44 240 240 111  55  51  59 209 240
 136 129 131 150 240 219 144 120 240 240 107  55 116 126 233 240
 240 240 240 240 240 240 240 240 240 240  73  58 193 240 240 240
 208 214 240 240 213 203 206 209 239 240 129 112 195 234 238 240
  28  88 240 240  29  45  49  41 229 240 240 240  99  24 188 240
  50  97 209 228  94 102  60  50 226 240 235 228 119  63 190 240
  49  51  45  60 240 236  92  51 220 240 105  42  51  54 188 240
  49  50  49  61 240 234  59  50 214 240  82  54  59  59 191 240
  50  48  49  54 240 237  56  81 210 240  92  54  55  63 192 240
  50  54  72  82 240 240  59  86 205 240 101  54  59  61 189 240
  47  92 229 227 240 240  69  79 198 240 109  50  57  66 184 240
  59  97 240 240 240 240  72  86 195 240 106  54  54  64 182 240
 229 203  65  96 239 240 232 217 229 240 100  55  59  62 207 240
 240 214  53 101 239 240 240 240 240 240 108  57  59  64 206 240
  88  77  51 100 236 240 100 114 240 240 107  54  64  66 195 240
  54  54  55 101 234 240  60  63 240 240 112  63  63  67 186 240
  39  40  41  65 227 223  69  56 209 224  98  42  48  52 195 240
 147 148 150 160 235 227 149 147 217 223  94  46 138 153 220 240
 233 238 237 239 237 235 235 232 228 225  85  49 209 240 240 240
 140 166 229 221 161 155 162 163 216 226 157 118 177 188 223 240
  17  59 223 204  25  15  16  23 204 235 240 239  84  17 180 240
  39  66 164 186 126 126  57  53 219 230 201 186  91  51 193 240
  40  29  15  51 234 235  79  48 221 235  67  10  30  48 190 240
  38  40  39  68 221 227  66  48 217 237  94  47  47  48 186 240
  39  40  41  66 224 230  66  56 215 240 101  47  48  51 181 240
  41  52  91 113 233 234  70  59 216 240 103  48  47  52 194 240
  45  95 239 240 239 230  70  60 213 239 105  48  46  52 190 240
  56  90 229 234 233 226  86  71 210 236 102  49  45  52 187 240
 236 221  31  39 223 232 240 224 230 227  99  46  48  50 189 240
 228 217  56  81 223 235 236 240 240 237 105  48  48  50 192 240
  26  39  45  77 225 220  71  47 219 237 108  48  48  53 186 240
  43  45  48  76 222 227  75  48 222 237 113  48  50  54 182 240
  40  45  42  41 204 208  55  65 168 205  70  43  48  53 175 227
 147 147 145 153 212 220 136 157 182 200  76  47 142 152 191 230
 213 219 217 218 214 216 219 220 208 205  90  46 188 225 223 224
 130 160 209 202 153 141 149 153 197 208 161 115 161 177 209 232
  18  45 206 173  31  16  17  26 193 208 217 221  69  17 159 233
  41  49 149 150 132 129  53  56 204 209 185 175  71  52 173 239
  41  31  17  66 219 227  59  48 204 206  69  10  26  48 159 237
  38  41  41  80 196 216  63  51 205 213 100  46  48  47 154 236
  41  41  40  76 197 213  66  42 207 219 103  47  48  47 143 240
  45  51  94 126 213 218  69  40 207 219 107  48  47  52 189 240
  47  85 228 229 219 200  72  43 214 220  99  48  46  49 188 240
  58  80 207 213 214 187  89  59 218 219  73  49  45  47 179 240
 224 206  32  41 203 204 234 213 218 210  83  46  48  48 161 240
 207 203  54  55 205 208 212 221 218 209  94  49  48  49 166 240
  28  39  45  50 205 198  74  41 202 219 100  49  48  50 173 240
  44  44  48  50 210 195  89  40 192 220 100  48  49  49 176 240

 240 240 240 240 240 240 240 240 240 240 240 240 240 240 240 240
 209 233 240 238 188 190 188 191 192 189 184 182 207 206 195 186
  59 126 240 234  24  63  54  59  63  61  66  64  62  64  66  67
  51 116 193 195  99 119  51  59  55  59  57  54  59  59  64  63
  55  55  58 112 240 228  42  54  54  54  50  54  55  57  54  63
 111 107  73 129 240 235 105  82  92 101 109 106 100 108 107 112
 240 240 240 240 240 240 240 240 240 240 240 240 240 240 240 240
 240 240 240 239 229 226 220 214 210 205 198 195 229 240 240 240
  44 120 240 209  41  50  51  50  81  86  79  86 217 240 114  63
  83 144 240 206  49  60  92  59  56  59  69  72 232 240 100  60
 232 219 240 203  45 102 236 234 237 240 240 240 240 240 240 240
 240 240 240 213  29  94 240 240 240 240 240 240 239 239 236 234
  90 150 240 240 240 228  60  61  54  82 227 240  96 101 100 101
  51 131 240 240 240 209  45  49  49  72 229 240  65  53  51  55
  49 129 240 214  88  97  51  50  48  54  92  97 203 214  77  54
  48 136 240 208  28  50  49  49  50  50  47  59 229 240  88  54
 240 240 240 240 240 240 240 240 240 240 240 240 240 240 240 240
 195 220 240 223 180 193 190 186 181 194 190 187 189 192 186 182
  52 153 240 188  17  51  48  48  51  52  52  52  50  50  53  54
  48 138 209 177  84  91  30  47  48  47  46  45  48  48  48  50
  42  46  49 118 239 186  10  47  47  48  48  49  46  48  48  48
  98  94  85 157 240 201  67  94 101 103 105 102  99 105 108 113
 224 223 225 226 235 230 235 237 240 240 239 236 227 237 237 237
 209 217 228 216 204 219 221 217 215 216 213 210 230 240 219 222
  56 147 232 163  23  53  48  48  56  59  60  71 224 240  47  48
  69 149 235 162  16  57  79  66  66  70  70  86 240 236  71  75
 223 227 235 155  15 126 235 227 230 234 230 226 232 235 220 227
 227 235 237 161  25 126 234 221 224 233 239 233 223 223 225 222
  65 160 239 221 204 186  51  68  66 113 240 234  39  81  77  76
  41 150 237 229 223 164  15  39  41  91 239 229  31  56  45  48
  40 148 238 166  59  66  29  40  40  52  95  90 221 217  39  45
  39 147 233 140  17  39  40  38  39  41  45  56 236 228  26  43
 227 230 224 232 233 239 237 236 240 240 240 240 240 240 240 240
 175 191 223 209 159 173 159 154 143 189 188 179 161 166 173 176
  53 152 225 177  17  52  48  47  47  52  49  47  48  49  50  49
  48 142 188 161  69  71  26  48  48  47  46  45  48  48  48  49
  43  47  46 115 221 175  10  46  47  48  48  49  46  49  49  48
  70  76  90 161 217 185  69 100 103 107  99  73  83  94 100 100
 205 200 205 208 208 209 206 213 219 219 220 219 210 209 219 220
 168 182 208 197 193 204 204 205 207 207 214 218 218 218 202 192
  65 157 220 153  26  56  48  51  42  40  43  59 213 221  41  40
  55 136 219 149  17  53  59  63  66  69  72  89 234 212  74  89
 208 220 216 141  16 129 227 216 213 218 200 187 204 208 198 195
 204 212 214 153  31 132 219 196 197 213 219 214 203 205 205 210
  41 153 218 202 173 150  66  80  76 126 229 213  41  55  50  50
  42 145 217 209 206 149  17  41  40  94 228 207  32  54  45  48
  45 147 219 160  45  49  31  41  41  51  85  80 206 203  39  44
  40 147 213 130  18  41  41  38  41  45  47  58 224 207  28  44

 240 186  67  63  63 112 240 240  63  60 240 234 101  55  54  54
 240 195  66  64  54 107 240 240 114 100 240 236 100  51  77  88
 240 206  64  59  57 108 240 240 240 240 240 239 101  53 214 240
 240 207  62  59  55 100 240 229 217 232 240 239  96  65 203 229
 240 182  64  54  54 106 240 195  86  72 240 240 240 240  97  59
 240 184  66  57  50 109 240 198  79  69 240 240 227 229  92  47
 240 189  61  59  54 101 240 205  86  59 240 240  82  72  54  50
 240 192  63  55  54  92 240 210  81  56 237 240  54  49  48  50
 240 191  59  59  54  82 240 214  50  59 234 240  61  49  50  49
 240 188  54  51  42 105 240 220  51  92 236 240  60  45  51  49
 240 190  63 119 228 235 240 226  50  60 102  94 228 209  97  50
 240 188  24  99 240 240 240 229  41  49  45  29 240 240  88  28
 240 238 234 195 112 129 240 239 209 206 203 213 240 240 214 208
 240 240 240 193  58  73 240 240 240 240 240 240 240 240 240 240
 240 233 126 116  55 107 240 240 120 144 219 240 150 131 129 136
 240 209  59  51  55 111 240 240  44  83 232 240  90  51  49  48
 240 182  54  50  48 113 237 222  48  75 227 222  76  48  45  43
 240 186  53  48  48 108 237 219  47  71 220 225  77  45  39  26
 240 192  50  48  48 105 237 240 240 236 235 223  81  56 217 228
 240 189  50  48  46  99 227 230 224 240 232 223  39  31 221 236
 240 187  52  45  49 102 236 210  71  86 226 233 234 229  90  56
 240 190  52  46  48 105 239 213  60  70 230 239 240 239  95  45
 240 194  52  47  48 103 240 216  59  70 234 233 113  91  52  41
 240 181  51  48  47 101 240 215  56  66 230 224  66  41  40  39
 240 186  48  47  47  94 237 217  48  66 227 221  68  39  40  38
 240 190  48  30  10  67 235 221  48  79 235 234  51  15  29  40
 240 193  51  91 186 201 230 219  53  57 126 126 186 164  66  39
 240 180  17  84 239 240 235 204  23  16  15  25 204 223  59  17
 240 223 188 177 118 157 226 216 163 162 155 161 221 229 166 140
 240 240 240 209  49  85 225 228 232 235 235 237 239 237 238 233
 240 220 153 138  46  94 223 217 147 149 227 235 160 150 148 147
 240 195  52  48  42  98 224 209  56  69 223 227  65  41  40  39
 240 176  49  49  48 100 220 192  40  89 195 210  50  48  44  44
 240 173  50  48  49 100 219 202  41  74 198 205  50  45  39  28
 240 166  49  48  49  94 209 218 221 212 208 205  55  54 203 207
 240 161  48  48  46  83 210 218 213 234 204 203  41  32 206 224
 240 179  47  45  49  73 219 218  59  89 187 214 213 207  80  58
 240 188  49  46  48  99 220 214  43  72 200 219 229 228  85  47
 240 189  52  47  48 107 219 207  40  69 218 213 126  94  51  45
 240 143  47  48  47 103 219 207  42  66 213 197  76  40  41  41
 236 154  47  48  46 100 213 205  51  63 216 196  80  41  41  38
 237 159  48  26  10  69 206 204  48  59 227 219  66  17  31  41
 239 173  52  71 175 185 209 204  56  53 129 132 150 149  49  41
 233 159  17  69 221 217 208 193  26  17  16  31 173 206  45  18
 232 209 177 161 115 161 208 197 153 149 141 153 202 209 160 130
 224 223 225 188  46  90 205 208 220 219 216 214 218 217 219 213
 230 191 152 142  47  76 200 182 157 136 220 212 153 145 147 147
 227 175  53  48  43  70 205 168  65  55 208 204  41  42  45  40

