 234 240 111  62  64  61  64  62  59  54 156 240 240 240 240 240
 165 159  89  64  59  48 109 136 112  54 123 195 204 240 240 240
  58  59  56  63  60  41 185 240 168  64  56  51 110 240 240 240
  56  60  61  52 107 111 198 240 156  57  63  58  89 185 200 240
  55  63  57  41 198 240 240 240 169  62  61  59  55  59  93 240
  59  48 145  92 215 240 240 240 214 110  99  58  62  52  98 223
  60  32 234 240 240 240 240 240 240 240 182  60  61  61  58  56
 110 122 230 231 236 240 213 217 238 239 180  61  76 100 110  90
 239 240 112  44 201 240 152  63  62  56  61  54 121 240 240 240
 205 220 104  51 201 213 171  61  81  56  76  92 163 240 240 240
  88  45 236 240 123  50 209 240 174  42 150 240 240 240 240 240
 101  59 236 239 156  82 193 240 142  52 166 240 240 240 240 240
 232 239 112  62 217 233 163  66 179 239 240 240 240 240 197  76
 240 240  90  45 219 240 139  40 169 240 240 240 240 240 183  61
 116  99 236 240 114  93 196 240 240 240 240 240 178  75  90  60
  62  55 240 240 119  31 209 240 240 240 240 240 167  60  58  57
 235 240 133  46  46  46  47  47  44  35 105 240 240 240 240 240
 176 188 102  47  42  37  93 146 137  40  76 176 177 240 240 240
  46  49  47  47  47  26 150 240 201  48  45  38  76 240 240 240
  43  48  47  34 101 124 188 240 196  48  47  39  58 196 192 240
  47  48  47  21 156 240 240 240 200  48  45  43  47  50  64 240
  46  31 103  93 191 240 240 240 214 118 119  46  46  41  50 208
  48  16 202 240 240 240 240 240 240 240 198  51  48  47  47  55
  96  77 186 205 225 240 229 219 218 217 191  45  50  94  95  91
 240 239 140  31 173 240 171  58  56  59  58  41  80 240 240 240
 223 232 127  66 168 232 168  77  83  47  48  71  98 240 240 240
  68  26 211 240 145  45 152 240 186  32 113 240 240 240 240 240
  69  28 199 236 144  51 173 240 194  53 110 240 240 240 240 240
 234 239 146  52 193 237 167  58 144 237 240 240 240 240 240  89
 240 239 122  34 207 240 162  37 146 240 240 240 240 240 204  55
 103  58 223 232 146  79 162 227 230 240 240 240 212 106 103  49
  48  23 227 240 133  24 182 240 240 240 240 240 197  50  47  45
 233 236 136  49  47  45  46  44  44  36 104 240 240 240 240 240
 172 175 104  48  45  36  97 173 132  40  59 149 175 240 240 240
  43  47  45  46  45  26 147 240 197  48  44  38  75 240 240 240
  44  40  46  31  94 139 188 240 198  48  47  42  57 204 198 240
  48  48  47  21 159 240 240 240 202  47  47  46  46  44  65 240
  48  31  92 109 193 240 240 240 207 133 127  46  45  39  49 193
  46  14 206 240 240 240 240 240 240 240 198  50  46  48  45  55
  88  70 169 191 224 240 230 205 198 197 180  47  40  88  84 108
 237 240 139  33 173 240 169  50  53  60  58  39  87 240 240 240
 233 228 137  81 178 237 176  95  81  47  42  63 100 240 240 240
  51  21 214 238 151  46 153 240 188  33 110 240 240 240 240 240
  43  31 190 215 147  33 173 231 205  60 108 240 240 240 229 240
 237 240 155  62 193 237 160  47 139 235 240 240 240 240 237  84
 240 237 138  53 204 240 170  49 147 240 240 240 240 237 200  54
  67  39 204 222 150  57 159 221 229 240 240 240 218 112  98  50
  48  23 226 240 139  22 184 240 240 240 240 240 199  50  46  46

 240 240 240 240 240 223  56  90 240 240 240 240  76  61  60  57
 240 240 240 200  93  98  58 110 240 240 240 240 197 183  90  58
 240 240 240 185  59  52  61 100 240 240 240 240 240 240  75  60
 240 204 110  89  55  62  61  76 121 163 240 240 240 240 178 167
 240 195  51  58  59  58  60  61  54  92 240 240 240 240 240 240
 156 123  56  63  61  99 182 180  61  76 150 166 240 240 240 240
  54  54  64  57  62 110 240 239  56  56  42  52 239 240 240 240
  59 112 168 156 169 214 240 238  62  81 174 142 179 169 240 240
  62 136 240 240 240 240 240 217  63  61 240 240  66  40 240 240
  64 109 185 198 240 240 240 213 152 171 209 193 163 139 196 209
  61  48  41 111 240 240 240 240 240 213  50  82 233 240  93  31
  64  59  60 107 198 215 240 236 201 201 123 156 217 219 114 119
  62  64  63  52  41  92 240 231  44  51 240 239  62  45 240 240
 111  89  56  61  57 145 234 230 112 104 236 236 112  90 236 240
 240 159  59  60  63  48  32 122 240 220  45  59 239 240  99  55
 234 165  58  56  55  59  60 110 239 205  88 101 232 240 116  62
 240 240 240 240 240 208  55  91 240 240 240 240  89  55  49  45
 240 240 240 192  64  50  47  95 240 240 240 240 240 204 103  47
 240 240 240 196  50  41  47  94 240 240 240 240 240 240 106  50
 240 177  76  58  47  46  48  50  80  98 240 240 240 240 212 197
 240 176  38  39  43  46  51  45  41  71 240 240 240 240 240 240
 105  76  45  47  45 119 198 191  58  48 113 110 240 240 240 240
  35  40  48  48  48 118 240 217  59  47  32  53 237 240 240 240
  44 137 201 196 200 214 240 218  56  83 186 194 144 146 230 240
  47 146 240 240 240 240 240 219  58  77 240 240  58  37 227 240
  47  93 150 188 240 240 240 229 171 168 152 173 167 162 162 182
  46  37  26 124 240 240 240 240 240 232  45  51 237 240  79  24
  46  42  47 101 156 191 240 225 173 168 145 144 193 207 146 133
  46  47  47  34  21  93 240 205  31  66 240 236  52  34 232 240
 133 102  47  47  47 103 202 186 140 127 211 199 146 122 223 227
 240 188  49  48  48  31  16  77 239 232  26  28 239 239  58  23
 235 176  46  43  47  46  48  96 240 223  68  69 234 240 103  48
 240 240 240 240 240 193  55 108 240 240 240 240  84  54  50  46
 240 240 240 198  65  49  45  84 240 240 240 229 237 200  98  46
 240 240 240 204  44  39  48  88 240 240 240 240 240 237 112  50
 240 175  75  57  46  45  46  40  87 100 240 240 240 240 218 199
 240 149  38  42  46  46  50  47  39  63 240 240 240 240 240 240
 104  59  44  47  47 127 198 180  58  42 110 108 240 240 240 240
  36  40  48  48  47 133 240 197  60  47  33  60 235 240 240 240
  44 132 197 198 202 207 240 198  53  81 188 205 139 147 229 240
  44 173 240 240 240 240 240 205  50  95 240 231  47  49 221 240
  46  97 147 188 240 240 240 230 169 176 153 173 160 170 159 184
  45  36  26 139 240 240 240 240 240 237  46  33 237 240  57  22
  47  45  45  94 159 193 240 224 173 178 151 147 193 204 150 139
  49  48  46  31  21 109 240 191  33  81 238 215  62  53 222 240
 136 104  45  46  47  92 206 169 139 137 214 190 155 138 204 226
 236 175  47  40  48  31  14  70 240 228  21  31 240 237  39  23
 233 172  43  44  48  48  46  88 237 233  51  43 237 240  67  48

  57  58  60 167 240 240 240 240 240 209  31 119 240 240  55  62
  60  90  75 178 240 240 240 240 240 196  93 114 240 236  99 116
  61 183 240 240 240 240 240 169  40 139 240 219  45  90 240 240
  76 197 240 240 240 240 239 179  66 163 233 217  62 112 239 232
 240 240 240 240 240 166  52 142 240 193  82 156 239 236  59 101
 240 240 240 240 240 150  42 174 240 209  50 123 240 236  45  88
 240 240 240 163  92  76  56  81  61 171 213 201  51 104 220 205
 240 240 240 121  54  61  56  62  63 152 240 201  44 112 240 239
  90 110 100  76  61 180 239 238 217 213 240 236 231 230 122 110
  56  58  61  61  60 182 240 240 240 240 240 240 240 234  32  60
 223  98  52  62  58  99 110 214 240 240 240 215  92 145  48  59
 240  93  59  55  59  61  62 169 240 240 240 198  41  57  63  55
 240 200 185  89  58  63  57 156 240 198 111 107  52  61  60  56
 240 240 240 110  51  56  64 168 240 185  41  60  63  56  59  58
 240 240 240 204 195 123  54 112 136 109  48  59  64  89 159 165
 240 240 240 240 240 156  54  59  62  64  61  64  62 111 240 234
  45  47  50 197 240 240 240 240 240 182  24 133 240 227  23  48
  49 103 106 212 240 240 240 230 227 162  79 146 232 223  58 103
  55 204 240 240 240 240 240 146  37 162 240 207  34 122 239 240
  89 240 240 240 240 240 237 144  58 167 237 193  52 146 239 234
 240 240 240 240 240 110  53 194 240 173  51 144 236 199  28  69
 240 240 240 240 240 113  32 186 240 152  45 145 240 211  26  68
 240 240 240  98  71  48  47  83  77 168 232 168  66 127 232 223
 240 240 240  80  41  58  59  56  58 171 240 173  31 140 239 240
  91  95  94  50  45 191 217 218 219 229 240 225 205 186  77  96
  55  47  47  48  51 198 240 240 240 240 240 240 240 202  16  48
 208  50  41  46  46 119 118 214 240 240 240 191  93 103  31  46
 240  64  50  47  43  45  48 200 240 240 240 156  21  47  48  47
 240 192 196  58  39  47  48 196 240 188 124 101  34  47  48  43
 240 240 240  76  38  45  48 201 240 150  26  47  47  47  49  46
 240 240 240 177 176  76  40 137 146  93  37  42  47 102 188 176
 240 240 240 240 240 105  35  44  47  47  46  46  46 133 240 235
  46  46  50 199 240 240 240 240 240 184  22 139 240 226  23  48
  50  98 112 218 240 240 240 229 221 159  57 150 222 204  39  67
  54 200 237 240 240 240 240 147  49 170 240 204  53 138 237 240
  84 237 240 240 240 240 235 139  47 160 237 193  62 155 240 237
 240 229 240 240 240 108  60 205 231 173  33 147 215 190  31  43
 240 240 240 240 240 110  33 188 240 153  46 151 238 214  21  51
 240 240 240 100  63  42  47  81  95 176 237 178  81 137 228 233
 240 240 240  87  39  58  60  53  50 169 240 173  33 139 240 237
 108  84  88  40  47 180 197 198 205 230 240 224 191 169  70  88
  55  45  48  46  50 198 240 240 240 240 240 240 240 206  14  46
 193  49  39  45  46 127 133 207 240 240 240 193 109  92  31  48
 240  65  44  46  46  47  47 202 240 240 240 159  21  47  48  48
 240 198 204  57  42  47  48 198 240 188 139  94  31  46  40  44
 240 240 240  75  38  44  48 197 240 147  26  45  46  45  47  43
 240 240 240 175 149  59  40 132 173  97  36  45  48 104 175 172
 240 240 240 240 240 104  36  44  44  46  45  47  49 136 236 233

  62 116 240 232 101  88 205 239 110  60  59  55  56  58 165 234
  55  99 240 239  59  45 220 240 122  32  48  63  60  59 159 240
 240 236  90 112 236 236 104 112 230 234 145  57  61  56  89 111
 240 240  45  62 239 240  51  44 231 240  92  41  52  63  64  62
 119 114 219 217 156 123 201 201 236 240 215 198 107  60  59  64
  31  93 240 233  82  50 213 240 240 240 240 240 111  41  48  61
 209 196 139 163 193 209 171 152 213 240 240 240 198 185 109  64
 240 240  40  66 240 240  61  63 217 240 240 240 240 240 136  62
 240 240 169 179 142 174  81  62 238 240 214 169 156 168 112  59
 240 240 240 239  52  42  56  56 239 240 110  62  57  64  54  54
 240 240 240 240 166 150  76  61 180 182  99  61  63  56 123 156
 240 240 240 240 240 240  92  54  61  60  58  59  58  51 195 240
 167 178 240 240 240 240 163 121  76  61  62  55  89 110 204 240
  60  75 240 240 240 240 240 240 100  61  52  59 185 240 240 240
  58  90 183 197 240 240 240 240 110  58  98  93 200 240 240 240
  57  60  61  76 240 240 240 240  90  56 223 240 240 240 240 240
  48 103 240 234  69  68 223 240  96  48  46  47  43  46 176 235
  23  58 239 239  28  26 232 239  77  16  31  48  48  49 188 240
 227 223 122 146 199 211 127 140 186 202 103  47  47  47 102 133
 240 232  34  52 236 240  66  31 205 240  93  21  34  47  47  46
 133 146 207 193 144 145 168 173 225 240 191 156 101  47  42  46
  24  79 240 237  51  45 232 240 240 240 240 240 124  26  37  46
 182 162 162 167 173 152 168 171 229 240 240 240 188 150  93  47
 240 227  37  58 240 240  77  58 219 240 240 240 240 240 146  47
 240 230 146 144 194 186  83  56 218 240 214 200 196 201 137  44
 240 240 240 237  53  32  47  59 217 240 118  48  48  48  40  35
 240 240 240 240 110 113  48  58 191 198 119  45  47  45  76 105
 240 240 240 240 240 240  71  41  45  51  46  43  39  38 176 240
 197 212 240 240 240 240  98  80  50  48  46  47  58  76 177 240
  50 106 240 240 240 240 240 240  94  47  41  50 196 240 240 240
  47 103 204 240 240 240 240 240  95  47  50  64 192 240 240 240
  45  49  55  89 240 240 240 240  91  55 208 240 240 240 240 240
  48  67 240 237  43  51 233 237  88  46  48  48  44  43 172 233
  23  39 237 240  31  21 228 240  70  14  31  48  40  47 175 236
 226 204 138 155 190 214 137 139 169 206  92  47  46  45 104 136
 240 222  53  62 215 238  81  33 191 240 109  21  31  46  48  49
 139 150 204 193 147 151 178 173 224 240 193 159  94  45  45  47
  22  57 240 237  33  46 237 240 240 240 240 240 139  26  36  45
 184 159 170 160 173 153 176 169 230 240 240 240 188 147  97  46
 240 221  49  47 231 240  95  50 205 240 240 240 240 240 173  44
 240 229 147 139 205 188  81  53 198 240 207 202 198 197 132  44
 240 240 240 235  60  33  47  60 197 240 133  47  48  48  40  36
 240 240 240 240 108 110  42  58 180 198 127  47  47  44  59 104
 240 240 240 240 240 240  63  39  47  50  46  46  42  38 149 240
 199 218 240 240 240 240 100  87  40  46  45  46  57  75 175 240
  50 112 237 240 240 240 240 240  88  48  39  44 204 240 240 240
  46  98 200 237 229 240 240 240  84  45  49  65 198 240 240 240
  46  50  54  84 240 240 240 240 108  55 193 240 240 240 240 240

