  62  63  59  54 237 240 103  34 204 240 240 240 240 240 155  60
  61  52 134 143 184 200 102  50 129 184 223 240 189 156 172 137
  65  76 240 240 100  60  61  58  61  43 203 240 152  48 143 240
  63  73 240 231 155 156  82  48 116 131 168 195 145  57 102 167
  60  63 240 240 240 240 106  32 209 240 152  59  63  61  62  59
 116 131 240 240 208 190 169 132 209 240 183 148 139 104  97  61
 240 240 240 231  96  58 223 240 240 240 240 240 240 240 188  60
 240 240 240 230  98  50 185 197 235 225 227 240 240 240 183  63
 240 240 240 238 105  62  55  69  63  47 176 240 240 240 183  62
 240 240 240 240 102  60  63  61 100  72 197 240 224 198 168 107
 240 240 240 233 100  63  61  46 205 240 240 240 159  68 144 240
 240 240 240 226  94  64  61  37 198 217 238 240 146  54 125 230
 240 240 240 238 101  62  61  54  62  81 198 240 158  59  71  80
 240 240 240 240  92  63  66  56  70  87 194 240 156  61  82 111
 240 240 240 228  96  63  64  58 219 238 157 100  76  49 178 240
 240 240 240 224  89  64  62  45 215 240 125  61  64  44 162 240
  45  47  44  16 239 240 119  23 171 240 240 240 240 240 197  47
  46  27 129 125 195 185 103  34 124 168 187 240 216 171 160 141
  46  21 240 240 110  47  47  44  46  32 171 240 176  38 109 240
  47  18 240 240 157 140  82  38 103 122 167 192 152  42  87 183
  48  35 238 240 240 240 124  26 172 240 167  50  50  46  46  47
 109  85 240 240 222 195 156 106 195 240 188 121 128 122 113  47
 240 240 240 240 112  25 193 240 240 240 240 240 240 240 205  48
 240 240 240 240 106  23 192 213 219 207 218 240 240 240 199  50
 240 240 240 239 109  47  52  57  53  37 150 240 240 240 204  50
 240 240 240 240 108  48  48  41  70  67 165 240 237 223 198  97
 240 240 240 240 109  49  48  24 178 240 240 240 201  55 113 240
 240 240 240 240 102  49  49  25 173 230 235 240 171  41 113 236
 240 240 240 239 105  48  49  45  61  54 168 240 174  49  54  68
 240 240 240 239  99  49  48  45  52  43 169 240 171  47  52  79
 240 240 240 240 111  51  50  21 197 239 171  82  77  36 136 239
 240 240 240 240  91  48  48  19 204 240 154  48  49  32 130 240
  47  47  45  16 237 239 121  24 170 240 240 240 240 240 197  47
  47  34 148 129 178 157 101  33 126 149 188 240 219 172 152 163
  47  24 239 232 111  50  48  44  46  32 167 240 179  39 108 240
  47  18 239 240 163 124  84  38 107 130 167 165 141  42  92 185
  48  33 237 240 240 240 126  26 170 240 167  50  52  48  48  48
 115  84 240 236 201 187 147  97 198 240 182 102 117 141 118  47
 240 240 240 235 113  23 194 240 240 240 240 240 240 240 206  49
 240 240 240 240 109  24 189 218 200 193 218 240 240 240 199  50
 240 240 240 240 112  46  55  50  49  37 150 240 240 240 198  52
 240 240 240 236 108  48  48  40  57  74 170 240 240 236 186 106
 240 240 240 237 111  52  49  24 177 240 240 240 199  49 114 240
 240 240 240 240 107  50  49  23 177 240 236 240 171  41 118 222
 240 240 240 240 109  49  49  43  56  38 167 240 175  47  45  57
 240 240 240 240 104  49  48  46  45  28 168 239 171  48  35  48
 240 240 240 233 112  51  51  20 192 239 167  73  77  37 133 239
 240 240 240 239  92  47  48  19 203 240 155  49  47  34 131 240

  60 137 240 167  59  61  60  63  62 107 240 230  80 111 240 240
 155 172 143 102  62  97 188 183 183 168 144 125  71  82 178 162
 240 156  48  57  61 104 240 240 240 198  68  54  59  61  49  44
 240 189 152 145  63 139 240 240 240 224 159 146 158 156  76  64
 240 240 240 195  59 148 240 240 240 240 240 240 240 240 100  61
 240 223 203 168 152 183 240 227 176 197 240 238 198 194 157 125
 240 184  43 131 240 240 240 225  47  72 240 217  81  87 238 240
 204 129  61 116 209 209 240 235  63 100 205 198  62  70 219 215
  34  50  58  48  32 132 240 197  69  61  46  37  54  56  58  45
 103 102  61  82 106 169 223 185  55  63  61  61  61  66  64  62
 240 200  60 156 240 190  58  50  62  60  63  64  62  63  63  64
 237 184 100 155 240 208  96  98 105 102 100  94 101  92  96  89
  54 143 240 231 240 240 231 230 238 240 233 226 238 240 228 224
  59 134 240 240 240 240 240 240 240 240 240 240 240 240 240 240
  63  52  76  73  63 131 240 240 240 240 240 240 240 240 240 240
  62  61  65  63  60 116 240 240 240 240 240 240 240 240 240 240
  47 141 240 183  47  47  48  50  50  97 240 236  68  79 239 240
 197 160 109  87  46 113 205 199 204 198 113 113  54  52 136 130
 240 171  38  42  46 122 240 240 240 223  55  41  49  47  36  32
 240 216 176 152  50 128 240 240 240 237 201 171 174 171  77  49
 240 240 240 192  50 121 240 240 240 240 240 240 240 240  82  48
 240 187 171 167 167 188 240 218 150 165 240 235 168 169 171 154
 240 168  32 122 240 240 240 207  37  67 240 230  54  43 239 240
 171 124  46 103 172 195 240 219  53  70 178 173  61  52 197 204
  23  34  44  38  26 106 240 213  57  41  24  25  45  45  21  19
 119 103  47  82 124 156 193 192  52  48  48  49  49  48  50  48
 240 185  47 140 240 195  25  23  47  48  49  49  48  49  51  48
 239 195 110 157 240 222 112 106 109 108 109 102 105  99 111  91
  16 125 240 240 240 240 240 240 239 240 240 240 239 239 240 240
  44 129 240 240 238 240 240 240 240 240 240 240 240 240 240 240
  47  27  21  18  35  85 240 240 240 240 240 240 240 240 240 240
  45  46  46  47  48 109 240 240 240 240 240 240 240 240 240 240
  47 163 240 185  48  47  49  50  52 106 240 222  57  48 239 240
 197 152 108  92  48 118 206 199 198 186 114 118  45  35 133 131
 240 172  39  42  48 141 240 240 240 236  49  41  47  48  37  34
 240 219 179 141  52 117 240 240 240 240 199 171 175 171  77  47
 240 240 240 165  50 102 240 240 240 240 240 240 240 239  73  49
 240 188 167 167 167 182 240 218 150 170 240 236 167 168 167 155
 240 149  32 130 240 240 240 193  37  74 240 240  38  28 239 240
 170 126  46 107 170 198 240 200  49  57 177 177  56  45 192 203
  24  33  44  38  26  97 240 218  50  40  24  23  43  46  20  19
 121 101  48  84 126 147 194 189  55  48  49  49  49  48  51  48
 239 157  50 124 240 187  23  24  46  48  52  50  49  49  51  47
 237 178 111 163 240 201 113 109 112 108 111 107 109 104 112  92
  16 129 232 240 240 236 235 240 240 236 237 240 240 240 233 239
  45 148 239 239 237 240 240 240 240 240 240 240 240 240 240 240
  47  34  24  18  33  84 240 240 240 240 240 240 240 240 240 240
  47  47  47  47  48 115 240 240 240 240 240 240 240 240 240 240

 240 162  44  64  61 125 240 215  45  62  64  89 224 240 240 240
 240 178  49  76 100 157 238 219  58  64  63  96 228 240 240 240
 111  82  61 156 240 194  87  70  56  66  63  92 240 240 240 240
  80  71  59 158 240 198  81  62  54  61  62 101 238 240 240 240
 230 125  54 146 240 238 217 198  37  61  64  94 226 240 240 240
 240 144  68 159 240 240 240 205  46  61  63 100 233 240 240 240
 107 168 198 224 240 197  72 100  61  63  60 102 240 240 240 240
  62 183 240 240 240 176  47  63  69  55  62 105 238 240 240 240
  63 183 240 240 240 227 225 235 197 185  50  98 230 240 240 240
  60 188 240 240 240 240 240 240 240 223  58  96 231 240 240 240
  61  97 104 139 148 183 240 209 132 169 190 208 240 240 131 116
  59  62  61  63  59 152 240 209  32 106 240 240 240 240  63  60
 167 102  57 145 195 168 131 116  48  82 156 155 231 240  73  63
 240 143  48 152 240 203  43  61  58  61  60 100 240 240  76  65
 137 172 156 189 240 223 184 129  50 102 200 184 143 134  52  61
  60 155 240 240 240 240 240 204  34 103 240 237  54  59  63  62
 240 130  32  49  48 154 240 204  19  48  48  91 240 240 240 240
 239 136  36  77  82 171 239 197  21  50  51 111 240 240 240 240
  79  52  47 171 240 169  43  52  45  48  49  99 239 240 240 240
  68  54  49 174 240 168  54  61  45  49  48 105 239 240 240 240
 236 113  41 171 240 235 230 173  25  49  49 102 240 240 240 240
 240 113  55 201 240 240 240 178  24  48  49 109 240 240 240 240
  97 198 223 237 240 165  67  70  41  48  48 108 240 240 240 240
  50 204 240 240 240 150  37  53  57  52  47 109 239 240 240 240
  50 199 240 240 240 218 207 219 213 192  23 106 240 240 240 240
  48 205 240 240 240 240 240 240 240 193  25 112 240 240 240 240
  47 113 122 128 121 188 240 195 106 156 195 222 240 240  85 109
  47  46  46  50  50 167 240 172  26 124 240 240 240 238  35  48
 183  87  42 152 192 167 122 103  38  82 140 157 240 240  18  47
 240 109  38 176 240 171  32  46  44  47  47 110 240 240  21  46
 141 160 171 216 240 187 168 124  34 103 185 195 125 129  27  46
  47 197 240 240 240 240 240 171  23 119 240 239  16  44  47  45
 240 131  34  47  49 155 240 203  19  48  47  92 239 240 240 240
 239 133  37  77  73 167 239 192  20  51  51 112 233 240 240 240
  48  35  48 171 239 168  28  45  46  48  49 104 240 240 240 240
  57  45  47 175 240 167  38  56  43  49  49 109 240 240 240 240
 222 118  41 171 240 236 240 177  23  49  50 107 240 240 240 240
 240 114  49 199 240 240 240 177  24  49  52 111 237 240 240 240
 106 186 236 240 240 170  74  57  40  48  48 108 236 240 240 240
  52 198 240 240 240 150  37  49  50  55  46 112 240 240 240 240
  50 199 240 240 240 218 193 200 218 189  24 109 240 240 240 240
  49 206 240 240 240 240 240 240 240 194  23 113 235 240 240 240
  47 118 141 117 102 182 240 198  97 147 187 201 236 240  84 115
  48  48  48  52  50 167 240 170  26 126 240 240 240 237  33  48
 185  92  42 141 165 167 130 107  38  84 124 163 240 239  18  47
 240 108  39 179 240 167  32  46  44  48  50 111 232 239  24  47
 163 152 172 219 240 188 149 126  33 101 157 178 129 148  34  47
  47 197 240 240 240 240 240 170  24 121 239 237  16  45  47  47

 240 240 240 240 240 240 240 240 240 240 116  60  63  65  61  62
 240 240 240 240 240 240 240 240 240 240 131  63  73  76  52  63
 240 240 240 240 240 240 240 240 240 240 240 240 240 240 134  59
 224 228 240 238 226 233 240 238 230 231 240 240 231 240 143  54
  89  96  92 101  94 100 102 105  98  96 208 240 155 100 184 237
  64  63  63  62  64  63  60  62  50  58 190 240 156  60 200 240
  62  64  66  61  61  61  63  55 185 223 169 106  82  61 102 103
  45  58  56  54  37  46  61  69 197 240 132  32  48  58  50  34
 215 219  70  62 198 205 100  63 235 240 209 209 116  61 129 204
 240 238  87  81 217 240  72  47 225 240 240 240 131  43 184 240
 125 157 194 198 238 240 197 176 227 240 183 152 168 203 223 240
  61 100 240 240 240 240 240 240 240 240 148  59 195 240 240 240
  64  76 156 158 146 159 224 240 240 240 139  63 145 152 189 240
  44  49  61  59  54  68 198 240 240 240 104  61  57  48 156 240
 162 178  82  71 125 144 168 183 183 188  97  62 102 143 172 155
 240 240 111  80 230 240 107  62  63  60  61  59 167 240 137  60
 240 240 240 240 240 240 240 240 240 240 109  48  47  46  46  45
 240 240 240 240 240 240 240 240 240 240  85  35  18  21  27  47
 240 240 240 240 240 240 240 240 240 240 240 238 240 240 129  44
 240 240 239 239 240 240 240 239 240 240 240 240 240 240 125  16
  91 111  99 105 102 109 108 109 106 112 222 240 157 110 195 239
  48  51  49  48  49  49  48  47  23  25 195 240 140  47 185 240
  48  50  48  49  49  48  48  52 192 193 156 124  82  47 103 119
  19  21  45  45  25  24  41  57 213 240 106  26  38  44  34  23
 204 197  52  61 173 178  70  53 219 240 195 172 103  46 124 171
 240 239  43  54 230 240  67  37 207 240 240 240 122  32 168 240
 154 171 169 168 235 240 165 150 218 240 188 167 167 171 187 240
  48  82 240 240 240 240 240 240 240 240 121  50 192 240 240 240
  49  77 171 174 171 201 237 240 240 240 128  50 152 176 216 240
  32  36  47  49  41  55 223 240 240 240 122  46  42  38 171 240
 130 136  52  54 113 113 198 204 199 205 113  46  87 109 160 197
 240 239  79  68 236 240  97  50  50  48  47  47 183 240 141  47
 240 240 240 240 240 240 240 240 240 240 115  48  47  47  47  47
 240 240 240 240 240 240 240 240 240 240  84  33  18  24  34  47
 240 240 240 240 240 240 240 240 240 240 240 237 239 239 148  45
 239 233 240 240 240 237 236 240 240 235 236 240 240 232 129  16
  92 112 104 109 107 111 108 112 109 113 201 240 163 111 178 237
  47  51  49  49  50  52  48  46  24  23 187 240 124  50 157 239
  48  51  48  49  49  49  48  55 189 194 147 126  84  48 101 121
  19  20  46  43  23  24  40  50 218 240  97  26  38  44  33  24
 203 192  45  56 177 177  57  49 200 240 198 170 107  46 126 170
 240 239  28  38 240 240  74  37 193 240 240 240 130  32 149 240
 155 167 168 167 236 240 170 150 218 240 182 167 167 167 188 240
  49  73 239 240 240 240 240 240 240 240 102  50 165 240 240 240
  47  77 171 175 171 199 240 240 240 240 117  52 141 179 219 240
  34  37  48  47  41  49 236 240 240 240 141  48  42  39 172 240
 131 133  35  45 118 114 186 198 199 206 118  48  92 108 152 197
 240 239  48  57 222 240 106  52  50  49  47  48 185 240 163  47

