 240 237  69  45 227 240 240 240 120  58  58  58  54  42 141 240
 240 240 152 134 173 188 237 240 126  49 133 145  94  46 145 240
 240 240 240 234  85  28 214 240 124  34 187 240 155  46 150 240
 240 240 240 235 170 128 219 240 144  83 187 213 142  48  97 185
 240 240 240 240 240 240 240 240 240 240 146  58  54  58  56  58
 191 196 240 240 235 232 227 222 191 193 126  51  58  58  62  96
  56  46 240 240  88  58  54  59  64  59  59  61  54  50 130 240
  53  45 193 204 118  95  86  80  76  70  60  78  69  71 152 240
  52  55  54  45 228 240 240 240 240 240 240 240 240 240 240 240
  48  57  53  52 186 197 203 207 211 215 238 240 237 239 240 240
 240 240 240 238 105  80  86  61  55  41 186 240 167  57  49  50
 240 240 240 234  92  53  51  55  46  35 168 240 171  54  53 103
 240 240 240 229  98  53  55  32 196 239 239 240 172  50 130 228
 240 240 240 237 102  63  67  41 201 240 240 240 171  42 125 240
 100  65  64  56 240 240 240 240 117  72  72  73  76  52  41  57
  59  54  57  38 233 240 240 240 120  51  50  50  55  52  55  55
 240 238  76  14 213 240 240 240 145  36  35  37  34  24  98 238
 240 236 136  99 177 159 218 240 147  29  90 127  93  31 102 240
 236 239 239 239  95  17 178 240 142  22 115 240 195  30 108 240
 235 240 240 238 158  91 195 240 177 109 135 195 160  33  56 190
 236 240 240 240 240 240 240 240 240 240 163  42  42  41  39  47
 199 199 240 240 213 204 204 204 198 201 141  35  36  38  51  94
  45  13 240 240 104  45  47  42  46  47  42  38  38  34  81 237
  42  15 204 218 124  78  89  90  85  84  77  82  79  70 109 239
  39  38  45  20 200 236 238 240 240 240 237 236 238 235 237 240
  65  67  60  41 192 219 222 222 224 225 228 240 238 229 221 224
 229 232 229 237 106  62  59  53  51  39 116 240 201  61  60  60
 240 240 240 240  98  36  39  36  49  37 122 240 192  45  42  69
 233 240 240 240 102  41  40  21 153 231 232 240 187  39  83 230
 234 240 239 240 108  48  52  25 164 240 240 240 184  32  84 240
  82  70  72  44 211 231 230 231 142  78  80  79  81  36  48  75
  45  47  46  13 217 240 240 240 152  43  39  39  42  41  43  44
 220 235  81  16 193 221 219 226 146  37  38  39  33  27  87 210
 223 233 109  75 174 129 205 220 141  32  66  95  85  31  92 219
 219 224 223 232 100  19 168 222 144  22 107 228 188  33  99 224
 218 224 226 234 135  65 181 226 178 119 127 160 151  35  51 189
 220 223 224 225 223 221 226 225 224 224 162  39  38  36  36  41
 196 193 227 221 182 170 189 187 194 202 141  40  40  36  55 101
  48  15 228 230 104  43  39  39  42  37  47  39  39  35  73 215
  41  19 213 228 105  56  97 104  96  94  92  83  80  74  94 216
  41  39  43  21 182 216 220 222 222 223 222 216 215 212 215 222
  79  75  71  42 193 222 229 224 224 223 215 225 226 210 182 184
 209 212 207 227  98  47  39  45  48  36 109 230 200  66  66  67
 222 227 224 237 104  37  39  35  51  43 122 229 195  46  37  37
 223 229 227 234 106  42  39  22 143 219 217 228 189  39  80 220
 225 240 239 234 102  37  43  20 155 230 226 232 185  32  80 224
  60  75  79  47 186 206 207 208 145  86  89  86  80  36  51  89
  44  48  46  13 214 236 238 236 152  41  40  39  43  42  42  40

 240 240 240 185  58  96 240 240 240 240  50 103 228 240  57  55
 141 145 150  97  56  62 130 152 240 240  49  53 130 125  41  55
  42  46  46  48  58  58  50  71 240 239  57  54  50  42  52  52
  54  94 155 142  54  58  54  69 240 237 167 171 172 171  76  55
  58 145 240 213  58  51  61  78 240 240 240 240 240 240  73  50
  58 133 187 187 146 126  59  60 240 238 186 168 239 240  72  50
  58  49  34  83 240 193  59  70 240 215  41  35 239 240  72  51
 120 126 124 144 240 191  64  76 240 211  55  46 196 201 117 120
 240 240 240 240 240 222  59  80 240 207  61  55  32  41 240 240
 240 237 214 219 240 227  54  86 240 203  86  51  55  67 240 240
 240 188  28 128 240 232  58  95 240 197  80  53  53  63 240 240
 227 173  85 170 240 235  88 118 228 186 105  92  98 102 240 233
  45 134 234 235 240 240 240 204  45  52 238 234 229 237  56  38
  69 152 240 240 240 240 240 193  54  53 240 240 240 240  64  57
 237 240 240 240 240 196  46  45  55  57 240 240 240 240  65  54
 240 240 240 240 240 191  56  53  52  48 240 240 240 240 100  59
 238 240 240 190  47  94 237 239 240 224  60  69 230 240  75  44
  98 102 108  56  39  51  81 109 237 221  60  42  83  84  48  43
  24  31  30  33  41  38  34  70 235 229  61  45  39  32  36  41
  34  93 195 160  42  36  38  79 238 238 201 192 187 184  81  42
  37 127 240 195  42  35  38  82 236 240 240 240 240 240  79  39
  35  90 115 135 163 141  42  77 237 228 116 122 232 240  80  39
  36  29  22 109 240 201  47  84 240 225  39  37 231 240  78  43
 145 147 142 177 240 198  46  85 240 224  51  49 153 164 142 152
 240 240 240 240 240 204  42  90 240 222  53  36  21  25 231 240
 240 218 178 195 240 204  47  89 238 222  59  39  40  52 230 240
 240 159  17  91 240 204  45  78 236 219  62  36  41  48 231 240
 213 177  95 158 240 213 104 124 200 192 106  98 102 108 211 217
  14  99 239 238 240 240 240 218  20  41 237 240 240 240  44  13
  76 136 239 240 240 240 240 204  45  60 229 240 240 239  72  46
 238 236 239 240 240 199  13  15  38  67 232 240 240 240  70  47
 240 240 236 235 236 199  45  42  39  65 229 240 233 234  82  45
 210 219 224 189  41 101 215 216 222 184  67  37 220 224  89  40
  87  92  99  51  36  55  73  94 215 182  66  37  80  80  51  42
  27  31  33  35  36  36  35  74 212 210  66  46  39  32  36  42
  33  85 188 151  38  40  39  80 215 226 200 195 189 185  80  43
  39  95 228 160  39  40  39  83 216 225 230 229 228 232  86  39
  38  66 107 127 162 141  47  92 222 215 109 122 217 226  89  40
  37  32  22 119 224 202  37  94 223 223  36  43 219 230  86  41
 146 141 144 178 224 194  42  96 222 224  48  51 143 155 145 152
 226 220 222 226 225 187  39 104 222 224  45  35  22  20 208 236
 219 205 168 181 226 189  39  97 220 229  39  39  39  43 207 238
 221 129  19  65 221 170  43  56 216 222  47  37  42  37 206 236
 193 174 100 135 223 182 104 105 182 193  98 104 106 102 186 214
  16  75 232 234 225 221 230 228  21  42 227 237 234 234  47  13
  81 109 223 226 224 227 228 213  43  71 207 224 227 239  79  46
 235 233 224 224 223 193  15  19  39  75 212 227 229 240  75  48
 220 223 219 218 220 196  48  41  41  79 209 222 223 225  60  44

  55  55  52  55  50  50  51 120 240 240 240 233  38  57  54  59
  57  41  52  76  73  72  72 117 240 240 240 240  56  64  65 100
 240 125  42 171 240 240 240 201  41  67  63 102 237 240 240 240
 228 130  50 172 240 239 239 196  32  55  53  98 229 240 240 240
 103  53  54 171 240 168  35  46  55  51  53  92 234 240 240 240
  50  49  57 167 240 186  41  55  61  86  80 105 238 240 240 240
 240 240 239 237 240 238 215 211 207 203 197 186  52  53  57  48
 240 240 240 240 240 240 240 240 240 240 240 228  45  54  55  52
 240 152  71  69  78  60  70  76  80  86  95 118 204 193  45  53
 240 130  50  54  61  59  59  64  59  54  58  88 240 240  46  56
  96  62  58  58  51 126 193 191 222 227 232 235 240 240 196 191
  58  56  58  54  58 146 240 240 240 240 240 240 240 240 240 240
 185  97  48 142 213 187  83 144 240 219 128 170 235 240 240 240
 240 150  46 155 240 187  34 124 240 214  28  85 234 240 240 240
 240 145  46  94 145 133  49 126 240 237 188 173 134 152 240 240
 240 141  42  54  58  58  58 120 240 240 240 227  45  69 237 240
  44  43  41  42  39  39  43 152 240 240 240 217  13  46  47  45
  75  48  36  81  79  80  78 142 231 230 231 211  44  72  70  82
 240  84  32 184 240 240 240 164  25  52  48 108 240 239 240 234
 230  83  39 187 240 232 231 153  21  40  41 102 240 240 240 233
  69  42  45 192 240 122  37  49  36  39  36  98 240 240 240 240
  60  60  61 201 240 116  39  51  53  59  62 106 237 229 232 229
 224 221 229 238 240 228 225 224 222 222 219 192  41  60  67  65
 240 237 235 238 236 237 240 240 240 238 236 200  20  45  38  39
 239 109  70  79  82  77  84  85  90  89  78 124 218 204  15  42
 237  81  34  38  38  42  47  46  42  47  45 104 240 240  13  45
  94  51  38  36  35 141 201 198 204 204 204 213 240 240 199 199
  47  39  41  42  42 163 240 240 240 240 240 240 240 240 240 236
 190  56  33 160 195 135 109 177 240 195  91 158 238 240 240 235
 240 108  30 195 240 115  22 142 240 178  17  95 239 239 239 236
 240 102  31  93 127  90  29 147 240 218 159 177  99 136 236 240
 238  98  24  34  37  35  36 145 240 240 240 213  14  76 238 240
  40  42  42  43  39  40  41 152 236 238 236 214  13  46  48  44
  89  51  36  80  86  89  86 145 208 207 206 186  47  79  75  60
 224  80  32 185 232 226 230 155  20  43  37 102 234 239 240 225
 220  80  39 189 228 217 219 143  22  39  42 106 234 227 229 223
  37  37  46 195 229 122  43  51  35  39  37 104 237 224 227 222
  67  66  66 200 230 109  36  48  45  39  47  98 227 207 212 209
 184 182 210 226 225 215 223 224 224 229 222 193  42  71  75  79
 222 215 212 215 216 222 223 222 222 220 216 182  21  43  39  41
 216  94  74  80  83  92  94  96 104  97  56 105 228 213  19  41
 215  73  35  39  39  47  37  42  39  39  43 104 230 228  15  48
 101  55  36  40  40 141 202 194 187 189 170 182 221 227 193 196
  41  36  36  38  39 162 224 224 225 226 221 223 225 224 223 220
 189  51  35 151 160 127 119 178 226 181  65 135 234 226 224 218
 224  99  33 188 228 107  22 144 222 168  19 100 232 223 224 219
 219  92  31  85  95  66  32 141 220 205 129 174  75 109 233 223
 210  87  27  33  39  38  37 146 226 219 221 193  16  81 235 220

  59 100 240 240 240 240  48  52  53  56 191 240 240 240 240 240
  54  65 240 240 240 240  57  55  45  46 196 240 240 240 240 237
  57  64 240 240 240 240  53  54 193 240 240 240 240 240 152  69
  38  56 237 229 234 238  52  45 204 240 240 240 235 234 134  45
 233 240 102  98  92 105 186 228 118  88 235 240 170  85 173 227
 240 240  63  53  53  80 197 240  95  58 232 240 128  28 188 240
 240 240  67  55  51  86 203 240  86  54 227 240 219 214 237 240
 240 240  41  32  55  61 207 240  80  59 222 240 240 240 240 240
 120 117 201 196  46  55 211 240  76  64 191 240 144 124 126 120
  51  72 240 239  35  41 215 240  70  59 193 240  83  34  49  58
  50  72 240 239 168 186 238 240  60  59 126 146 187 187 133  58
  50  73 240 240 240 240 240 240  78  61  51  58 213 240 145  58
  55  76 171 172 171 167 237 240  69  54  58  54 142 155  94  54
  52  52  42  50  54  57 239 240  71  50  58  58  48  46  46  42
  55  41 125 130  53  49 240 240 152 130  62  56  97 150 145 141
  55  57 240 228 103  50 240 240 240 240  96  58 185 240 240 240
  45  82 234 233 240 229  65  39  42  45 199 236 235 236 240 240
  47  70 240 240 240 232  67  38  15  13 199 240 240 239 236 238
  46  72 239 240 240 229  60  45 204 240 240 240 240 239 136  76
  13  44 240 240 240 237  41  20 218 240 240 240 238 239  99  14
 217 211 108 102  98 106 192 200 124 104 213 240 158  95 177 213
 240 231  48  41  36  62 219 236  78  45 204 240  91  17 159 240
 240 230  52  40  39  59 222 238  89  47 204 240 195 178 218 240
 240 231  25  21  36  53 222 240  90  42 204 240 240 240 240 240
 152 142 164 153  49  51 224 240  85  46 198 240 177 142 147 145
  43  78 240 231  37  39 225 240  84  47 201 240 109  22  29  36
  39  80 240 232 122 116 228 237  77  42 141 163 135 115  90  35
  39  79 240 240 240 240 240 236  82  38  35  42 195 240 127  37
  42  81 184 187 192 201 238 238  79  38  36  42 160 195  93  34
  41  36  32  39  45  61 229 235  70  34  38  41  33  30  31  24
  43  48  84  83  42  60 221 237 109  81  51  39  56 108 102  98
  44  75 240 230  69  60 224 240 239 237  94  47 190 240 240 238
  44  60 225 223 222 209  79  41  41  48 196 220 218 219 223 220
  48  75 240 229 227 212  75  39  19  15 193 223 224 224 233 235
  46  79 239 227 224 207  71  43 213 228 227 224 226 223 109  81
  13  47 234 234 237 227  42  21 228 230 221 225 234 232  75  16
 214 186 102 106 104  98 193 182 105 104 182 223 135 100 174 193
 236 206  37  42  37  47 222 216  56  43 170 221  65  19 129 221
 238 207  43  39  39  39 229 220  97  39 189 226 181 168 205 219
 236 208  20  22  35  45 224 222 104  39 187 225 226 222 220 226
 152 145 155 143  51  48 224 222  96  42 194 224 178 144 141 146
  41  86 230 219  43  36 223 223  94  37 202 224 119  22  32  37
  40  89 226 217 122 109 215 222  92  47 141 162 127 107  66  38
  39  86 232 228 229 230 225 216  83  39  40  39 160 228  95  39
  43  80 185 189 195 200 226 215  80  39  40  38 151 188  85  33
  42  36  32  39  46  66 210 212  74  35  36  36  35  33  31  27
  42  51  80  80  37  66 182 215  94  73  55  36  51  99  92  87
  40  89 224 220  37  67 184 222 216 215 101  41 189 224 219 210

