 191 240 240 240 240 240 202  57  97 240 222  72  69 240 240 240
 188 233 233 240 240 240 212  99 104 208 203  72  54 196 196 193
  48  36 160 240 240 240 240 240 220  69  83  59  49  77  69  68
  87  85 147 211 223 240 240 240 224  68  52  54  41  43  60  58
 189 234 181  88 139 240 206  86  78  55  54  49  53 234 229  89
 190 240 159  35 113 240 210  66  52  54  50  89  74 230 227  99
 191 240 240 240 239 240 218  61  53  55  24 210 214 124 103  63
 190 240 240 240 240 240 224  62  51  44  49 238 221  96  66  55
 191 240 195 109  99 101 118 230 240 236 219 100  80 213 195  86
 199 240 181  55  56  49  84 240 240 240 235  71  53 227 240  99
 192 240 185  52  48  47  78 240 240 240 240 204 210 237 236  96
 182 240 178  58  51  48  87 240 240 240 240 240 240 240 229  97
  99 124 160 185 184 204 189 158 158 240 232 137 124 128 127  78
  53  36 147 240 240 240 207  58  69 240 220  74  49  50  55  57
  55  37 160 240 240 240 214  51  84 239 223  79  51 175 191  71
  54  31 175 240 240 240 203  55 106 239 226  64  60 240 228  95
 159 240 240 240 240 240 233  63  35 226 240  96  15 208 236 235
 142 217 216 240 240 240 230  95  63 216 236  93  18 201 221 220
  52  44 114 240 240 240 240 240 240  89  77  47  32  65  70  70
  55  58 112 228 226 240 240 240 240  77  40  43  37  70  90  55
 130 234 197  66  81 240 240  91  81  47  40  37   7 217 239 108
 143 240 206  53  60 240 240  64  45  42  31  66  23 225 240 118
 144 240 234 226 216 240 240  59  46  44   1 194 236 138  97  62
 116 240 240 240 240 240 240  77  58  51  19 205 240 123  64  44
 118 240 211 108 106 106  78 211 215 212 214 137  66 199 224 105
 131 240 197  51  47  35  46 234 240 240 240 100   8 201 240 135
 143 240 218  48  42  36  31 239 240 240 240 205 175 226 240 127
 145 240 216  51  46  46  19 240 240 240 240 240 240 240 240 121
  86 122 155 186 191 186 179 150 115 240 240 168 149 150 161  89
  44  27 109 240 240 240 239  53  25 240 240  84  46  50  51  48
  48  27  97 240 240 240 235  49  25 236 240 101  24 158 193  77
  42  23 124 240 240 240 235  54  40 231 240  83   7 226 240 121
 161 240 240 240 240 240 233  64  33 221 239  95  15 193 214 218
 127 197 217 240 240 240 228  70  53 222 237  93  17 199 225 226
  50  48 115 240 240 240 238 235 239  90  68  47  32  48  58  57
  38  40 109 238 229 240 237 228 236  77  40  43  35  86 100  54
 123 223 192  49  75 234 240  78  70  49  39  36   8 199 232 107
 138 233 210  64  63 234 240  65  46  42  28  43  14 215 238 119
 142 240 227 196 203 240 240  59  46  46   1 196 234 126  80  59
 118 240 240 240 239 239 240  80  59  54  19 196 238 115  56  47
 122 238 198  93  98  87  67 189 174 176 193 137  62 185 227 105
 133 240 197  50  45  33  46 230 240 240 240 105   8 187 235 137
 140 240 219  48  44  36  32 236 240 240 237 183 149 212 236 127
 148 240 218  49  46  45  23 233 240 240 240 236 236 227 238 120
  61  99 146 168 174 152 168 124 117 235 239 170 147 139 157  86
  44  27 104 239 239 240 240  55  28 239 240  83  45  46  48  43
  48  24 102 240 240 240 236  48  26 236 240 101  19 135 173  78
  44  20 127 240 240 240 237  55  38 227 240  85   7 215 240 123

 240 193  68  58  89  99  63  55  86  99  96  97  78  57  71  95
 240 196  69  60 229 227 103  66 195 240 236 229 127  55 191 228
 240 196  77  43 234 230 124  96 213 227 237 240 128  50 175 240
  69  54  49  41  53  74 214 221  80  53 210 240 124  49  51  60
  72  72  59  54  49  89 210 238 100  71 204 240 137  74  79  64
 222 203  83  52  54  50  24  49 219 235 240 240 232 220 223 226
 240 208  69  68  55  54  55  44 236 240 240 240 240 240 239 239
  97 104 220 224  78  52  53  51 240 240 240 240 158  69  84 106
  57  99 240 240  86  66  61  62 230 240 240 240 158  58  51  55
 202 212 240 240 206 210 218 224 118  84  78  87 189 207 214 203
 240 240 240 240 240 240 240 240 101  49  47  48 204 240 240 240
 240 240 240 223 139 113 239 240  99  56  48  51 184 240 240 240
 240 240 240 211  88  35 240 240 109  55  52  58 185 240 240 240
 240 233 160 147 181 159 240 240 195 181 185 178 160 147 160 175
 240 233  36  85 234 240 240 240 240 240 240 240 124  36  37  31
 191 188  48  87 189 190 191 190 191 199 192 182  99  53  55  54
 235 220  70  55 108 118  62  44 105 135 127 121  89  48  77 121
 236 221  70  90 239 240  97  64 224 240 240 240 161  51 193 240
 208 201  65  70 217 225 138 123 199 201 226 240 150  50 158 226
  15  18  32  37   7  23 236 240  66   8 175 240 149  46  24   7
  96  93  47  43  37  66 194 205 137 100 205 240 168  84 101  83
 240 236  77  40  40  31   1  19 214 240 240 240 240 240 240 240
 226 216  89  77  47  42  44  51 212 240 240 240 240 240 236 231
  35  63 240 240  81  45  46  58 215 240 240 240 115  25  25  40
  63  95 240 240  91  64  59  77 211 234 239 240 150  53  49  54
 233 230 240 240 240 240 240 240  78  46  31  19 179 239 235 235
 240 240 240 240 240 240 240 240 106  35  36  46 186 240 240 240
 240 240 240 226  81  60 216 240 106  47  42  46 191 240 240 240
 240 240 240 228  66  53 226 240 108  51  48  51 186 240 240 240
 240 216 114 112 197 206 234 240 211 197 218 216 155 109  97 124
 240 217  44  58 234 240 240 240 240 240 240 240 122  27  27  23
 159 142  52  55 130 143 144 116 118 131 143 145  86  44  48  42
 218 226  57  54 107 119  59  47 105 137 127 120  86  43  78 123
 214 225  58 100 232 238  80  56 227 235 236 238 157  48 173 240
 193 199  48  86 199 215 126 115 185 187 212 227 139  46 135 215
  15  17  32  35   8  14 234 238  62   8 149 236 147  45  19   7
  95  93  47  43  36  43 196 196 137 105 183 236 170  83 101  85
 239 237  68  40  39  28   1  19 193 240 237 240 239 240 240 240
 221 222  90  77  49  42  46  54 176 240 240 240 235 239 236 227
  33  53 239 236  70  46  46  59 174 240 240 240 117  28  26  38
  64  70 235 228  78  65  59  80 189 230 236 233 124  55  48  55
 233 228 238 237 240 240 240 240  67  46  32  23 168 240 236 237
 240 240 240 240 234 234 240 239  87  33  36  45 152 240 240 240
 240 240 240 229  75  63 203 239  98  45  44  46 174 239 240 240
 240 240 240 238  49  64 196 240  93  50  48  49 168 239 240 240
 240 217 115 109 192 210 227 240 198 197 219 218 146 104 102 127
 240 197  48  40 223 233 240 240 238 240 240 240  99  27  24  20
 161 127  50  38 123 138 142 118 122 133 140 148  61  44  48  44

  95 228 240  60  64 226 239 106  55 203 240 240 240 175  31  54
  71 191 175  51  79 223 239  84  51 214 240 240 240 160  37  55
  57  55  50  49  74 220 240  69  58 207 240 240 240 147  36  53
  78 127 128 124 137 232 240 158 158 189 204 184 185 160 124  99
  97 229 240 240 240 240 240 240 240  87  48  51  58 178 240 182
  96 236 237 210 204 240 240 240 240  78  47  48  52 185 240 192
  99 240 227  53  71 235 240 240 240  84  49  56  55 181 240 199
  86 195 213  80 100 219 236 240 230 118 101  99 109 195 240 191
  55  66  96 221 238  49  44  51  62 224 240 240 240 240 240 190
  63 103 124 214 210  24  55  53  61 218 240 239 240 240 240 191
  99 227 230  74  89  50  54  52  66 210 240 113  35 159 240 190
  89 229 234  53  49  54  55  78  86 206 240 139  88 181 234 189
  58  60  43  41  54  52  68 224 240 240 240 223 211 147  85  87
  68  69  77  49  59  83  69 220 240 240 240 240 240 160  36  48
 193 196 196  54  72 203 208 104  99 212 240 240 240 233 233 188
 240 240 240  69  72 222 240  97  57 202 240 240 240 240 240 191
 121 240 226   7  83 240 231  40  54 235 240 240 240 124  23  42
  77 193 158  24 101 240 236  25  49 235 240 240 240  97  27  48
  48  51  50  46  84 240 240  25  53 239 240 240 240 109  27  44
  89 161 150 149 168 240 240 115 150 179 186 191 186 155 122  86
 121 240 240 240 240 240 240 240 240  19  46  46  51 216 240 145
 127 240 226 175 205 240 240 240 239  31  36  42  48 218 240 143
 135 240 201   8 100 240 240 240 234  46  35  47  51 197 240 131
 105 224 199  66 137 214 212 215 211  78 106 106 108 211 240 118
  44  64 123 240 205  19  51  58  77 240 240 240 240 240 240 116
  62  97 138 236 194   1  44  46  59 240 240 216 226 234 240 144
 118 240 225  23  66  31  42  45  64 240 240  60  53 206 240 143
 108 239 217   7  37  40  47  81  91 240 240  81  66 197 234 130
  55  90  70  37  43  40  77 240 240 240 240 226 228 112  58  55
  70  70  65  32  47  77  89 240 240 240 240 240 240 114  44  52
 220 221 201  18  93 236 216  63  95 230 240 240 240 216 217 142
 235 236 208  15  96 240 226  35  63 233 240 240 240 240 240 159
 123 240 215   7  85 240 227  38  55 237 240 240 240 127  20  44
  78 173 135  19 101 240 236  26  48 236 240 240 240 102  24  48
  43  48  46  45  83 240 239  28  55 240 240 239 239 104  27  44
  86 157 139 147 170 239 235 117 124 168 152 174 168 146  99  61
 120 238 227 236 236 240 240 240 233  23  45  46  49 218 240 148
 127 236 212 149 183 237 240 240 236  32  36  44  48 219 240 140
 137 235 187   8 105 240 240 240 230  46  33  45  50 197 240 133
 105 227 185  62 137 193 176 174 189  67  87  98  93 198 238 122
  47  56 115 238 196  19  54  59  80 240 239 239 240 240 240 118
  59  80 126 234 196   1  46  46  59 240 240 203 196 227 240 142
 119 238 215  14  43  28  42  46  65 240 234  63  64 210 233 138
 107 232 199   8  36  39  49  70  78 240 234  75  49 192 223 123
  54 100  86  35  43  40  77 236 228 237 240 229 238 109  40  38
  57  58  48  32  47  68  90 239 235 238 240 240 240 115  48  50
 226 225 199  17  93 237 222  53  70 228 240 240 240 217 197 127
 218 214 193  15  95 239 221  33  64 233 240 240 240 240 240 161

  54  55  53  99 182 192 199 191 190 191 190 189  87  48 188 191
  31  37  36 124 240 240 240 240 240 240 240 234  85  36 233 240
 175 160 147 160 178 185 181 195 240 240 159 181 147 160 233 240
 240 240 240 185  58  52  55 109 240 240  35  88 211 240 240 240
 240 240 240 184  51  48  56  99 240 239 113 139 223 240 240 240
 240 240 240 204  48  47  49 101 240 240 240 240 240 240 240 240
 203 214 207 189  87  78  84 118 224 218 210 206 240 240 212 202
  55  51  58 158 240 240 240 230  62  61  66  86 240 240  99  57
 106  84  69 158 240 240 240 240  51  53  52  78 224 220 104  97
 239 239 240 240 240 240 240 236  44  55  54  55  68  69 208 240
 226 223 220 232 240 240 235 219  49  24  50  54  52  83 203 222
  64  79  74 137 240 204  71 100 238 210  89  49  54  59  72  72
  60  51  49 124 240 210  53  80 221 214  74  53  41  49  54  69
 240 175  50 128 240 237 227 213  96 124 230 234  43  77 196 240
 228 191  55 127 229 236 240 195  66 103 227 229  60  69 196 240
  95  71  57  78  97  96  99  86  55  63  99  89  58  68 193 240
  42  48  44  86 145 143 131 118 116 144 143 130  55  52 142 159
  23  27  27 122 240 240 240 240 240 240 240 234  58  44 217 240
 124  97 109 155 216 218 197 211 240 234 206 197 112 114 216 240
 240 240 240 186  51  48  51 108 240 226  53  66 228 240 240 240
 240 240 240 191  46  42  47 106 240 216  60  81 226 240 240 240
 240 240 240 186  46  36  35 106 240 240 240 240 240 240 240 240
 235 235 239 179  19  31  46  78 240 240 240 240 240 240 230 233
  54  49  53 150 240 239 234 211  77  59  64  91 240 240  95  63
  40  25  25 115 240 240 240 215  58  46  45  81 240 240  63  35
 231 236 240 240 240 240 240 212  51  44  42  47  77  89 216 226
 240 240 240 240 240 240 240 214  19   1  31  40  40  77 236 240
  83 101  84 168 240 205 100 137 205 194  66  37  43  47  93  96
   7  24  46 149 240 175   8  66 240 236  23   7  37  32  18  15
 226 158  50 150 240 226 201 199 123 138 225 217  70  65 201 208
 240 193  51 161 240 240 240 224  64  97 240 239  90  70 221 236
 121  77  48  89 121 127 135 105  44  62 118 108  55  70 220 235
  44  48  44  61 148 140 133 122 118 142 138 123  38  50 127 161
  20  24  27  99 240 240 240 238 240 240 233 223  40  48 197 240
 127 102 104 146 218 219 197 198 240 227 210 192 109 115 217 240
 240 240 239 168  49  48  50  93 240 196  64  49 238 240 240 240
 240 240 239 174  46  44  45  98 239 203  63  75 229 240 240 240
 240 240 240 152  45  36  33  87 239 240 234 234 240 240 240 240
 237 236 240 168  23  32  46  67 240 240 240 240 237 238 228 233
  55  48  55 124 233 236 230 189  80  59  65  78 228 235  70  64
  38  26  28 117 240 240 240 174  59  46  46  70 236 239  53  33
 227 236 239 235 240 240 240 176  54  46  42  49  77  90 222 221
 240 240 240 239 240 237 240 193  19   1  28  39  40  68 237 239
  85 101  83 170 236 183 105 137 196 196  43  36  43  47  93  95
   7  19  45 147 236 149   8  62 238 234  14   8  35  32  17  15
 215 135  46 139 227 212 187 185 115 126 215 199  86  48 199 193
 240 173  48 157 238 236 235 227  56  80 238 232 100  58 225 214
 123  78  43  86 120 127 137 105  47  59 119 107  54  57 226 218

