  61  59  59  47 236 240 113  63  60  64  58  47 158 240 161  63
  63  54 139 134 187 200  88  57 104 144 106  52 116 186 164 149
  61  66 240 240 101  64  65  37 208 240 145  61  62  54 152 240
 131 117 177 192  93  53 118 100 175 189 152 146 108  60 111 214
 240 237  81  63  63  32 227 240 124  41 191 240 164  61  63  62
 195 202  75  48 147 113 198 202 120  47 155 228 151 140  99  59
  63  70  61  47 238 240 108  69  66  64  66  48 164 240 164  64
 114  91 123 115 238 240 144  92 101 113  78  50 173 240 189  86
 240 240 240 240 240 240 240 240 240 240 138  60  66  56 156 240
 240 240 240 240 240 240 240 240 240 240 129  60  69  98 175 240
 240 240 240 240 240 240 240 240 127  69  65  42 201 239 174  63
 240 240 240 240 240 240 240 240 120  58  47  72 182 240 165  60
 240 240 240 240 240 240 240 240 117  36 214 240 172  83  73  63
 240 240 240 240 240 240 240 240  98  41 206 240 148  58  56  57
 240 240 240 240 240 240 240 240 240 240 151 106  78  47 154 240
 240 240 240 240 240 240 240 240 240 240 121  63  57  47 193 240
  46  47  46  20 228 238 125  46  47  45  41  30 123 240 187  45
  45  25 134 125 186 184  92  38  92 127  97  38  97 191 150 118
  47  30 237 237 105  48  47  20 173 240 156  46  43  40 111 240
 121 113 201 202  95  31 100 110 169 194 165 113 101  41  88 208
 240 235  88  47  45  20 197 240 152  30 162 240 179  47  44  50
 207 212  71  30  97  92 185 211 122  33 137 210 165 103  95  44
  49  50  45  16 219 240 123  53  47  44  45  36 125 240 190  48
  94  94  95  64 239 240 141  89  89  92  74  33 128 223 188  78
 240 240 240 240 240 240 240 240 240 240 153  44  50  48 113 240
 240 240 240 240 240 240 240 240 239 237 151  43  48  61 132 238
 240 240 240 240 240 240 240 240 147  69  55  32 141 238 188  72
 240 240 240 240 240 240 240 240 126  43  54  40 151 240 180  48
 240 240 240 240 240 240 240 238 131  30 169 235 168  86  78  46
 240 240 240 240 240 240 240 240 128  30 175 240 169  48  44  51
 240 240 240 240 240 240 240 240 226 229 172 106  81  35 111 215
 240 240 240 240 240 240 240 240 240 240 138  48  46  33 159 240
  47  48  46  17 226 238 128  45  46  47  44  32 125 240 186  45
  46  26 150 138 181 160  91  36 103 125  96  39  99 170 145 102
  48  28 237 240 107  48  47  22 172 240 154  47  45  39 110 240
 123 130 207 186  90  33 104 132 170 180 173  98  96  43  95 189
 240 240  91  48  47  20 200 238 153  28 161 240 184  45  46  49
 198 204  73  31  85 106 180 209 121  34 130 193 167  84  90  45
  51  49  45  15 221 238 125  51  49  45  46  36 128 240 190  47
  99 113  74  64 236 239 142 103  89  83  76  34 116 200 187  76
 240 240 240 240 240 240 240 240 240 238 152  44  46  48 112 240
 240 240 240 240 240 240 240 238 220 231 155  43  36  36 119 218
 240 240 240 240 240 240 240 236 150  72  53  32 139 239 182  75
 240 240 240 240 240 240 240 240 129  44  61  26 145 233 182  48
 240 240 240 240 240 240 240 240 135  30 157 232 164  87  80  48
 240 240 240 240 240 240 240 237 138  25 173 240 169  46  48  54
 240 240 240 240 240 240 240 240 205 214 149  93  81  35 114 188
 240 240 240 240 240 240 240 240 240 240 139  49  47  32 156 240

  63 149 240 214  62  59  64  86 240 240  63  60  63  57 240 240
 161 164 152 111  63  99 164 189 156 175 174 165  73  56 154 193
 240 186  54  60  61 140 240 240  56  98 239 240  83  58  47  47
 158 116  62 108 164 151 164 173  66  69 201 182 172 148  78  57
  47  52  61 146 240 228  48  50  60  60  42  72 240 240 106  63
  58 106 145 152 191 155  66  78 138 129  65  47 214 206 151 121
  64 144 240 189  41  47  64 113 240 240  69  58  36  41 240 240
  60 104 208 175 124 120  66 101 240 240 127 120 117  98 240 240
  63  57  37 100 240 202  69  92 240 240 240 240 240 240 240 240
 113  88  65 118 227 198 108 144 240 240 240 240 240 240 240 240
 240 200  64  53  32 113 240 240 240 240 240 240 240 240 240 240
 236 187 101  93  63 147 238 238 240 240 240 240 240 240 240 240
  47 134 240 192  63  48  47 115 240 240 240 240 240 240 240 240
  59 139 240 177  81  75  61 123 240 240 240 240 240 240 240 240
  59  54  66 117 237 202  70  91 240 240 240 240 240 240 240 240
  61  63  61 131 240 195  63 114 240 240 240 240 240 240 240 240
  45 118 240 208  50  44  48  78 240 238  72  48  46  51 215 240
 187 150 111  88  44  95 190 188 113 132 188 180  78  44 111 159
 240 191  40  41  47 103 240 223  48  61 238 240  86  48  35  33
 123  97  43 101 179 165 125 128  50  48 141 151 168 169  81  46
  30  38  46 113 240 210  36  33  44  43  32  40 235 240 106  48
  41  97 156 165 162 137  45  74 153 151  55  54 169 175 172 138
  45 127 240 194  30  33  44  92 240 237  69  43  30  30 229 240
  47  92 173 169 152 122  47  89 240 239 147 126 131 128 226 240
  46  38  20 110 240 211  53  89 240 240 240 240 238 240 240 240
 125  92  47 100 197 185 123 141 240 240 240 240 240 240 240 240
 238 184  48  31  20  92 240 240 240 240 240 240 240 240 240 240
 228 186 105  95  45  97 219 239 240 240 240 240 240 240 240 240
  20 125 237 202  47  30  16  64 240 240 240 240 240 240 240 240
  46 134 237 201  88  71  45  95 240 240 240 240 240 240 240 240
  47  25  30 113 235 212  50  94 240 240 240 240 240 240 240 240
  46  45  47 121 240 207  49  94 240 240 240 240 240 240 240 240
  45 102 240 189  49  45  47  76 240 218  75  48  48  54 188 240
 186 145 110  95  46  90 190 187 112 119 182 182  80  48 114 156
 240 170  39  43  45  84 240 200  48  36 239 233  87  46  35  32
 125  99  45  96 184 167 128 116  46  36 139 145 164 169  81  47
  32  39  47  98 240 193  36  34  44  43  32  26 232 240  93  49
  44  96 154 173 161 130  46  76 152 155  53  61 157 173 149 139
  47 125 240 180  28  34  45  83 238 231  72  44  30  25 214 240
  46 103 172 170 153 121  49  89 240 220 150 129 135 138 205 240
  45  36  22 132 238 209  51 103 240 238 236 240 240 237 240 240
 128  91  47 104 200 180 125 142 240 240 240 240 240 240 240 240
 238 160  48  33  20 106 238 239 240 240 240 240 240 240 240 240
 226 181 107  90  47  85 221 236 240 240 240 240 240 240 240 240
  17 138 240 186  48  31  15  64 240 240 240 240 240 240 240 240
  46 150 237 207  91  73  45  74 240 240 240 240 240 240 240 240
  48  26  28 130 240 204  49 113 240 240 240 240 240 240 240 240
  47  46  48 123 240 198  51  99 240 240 240 240 240 240 240 240

 240 193  47  57  63 121 240 240 240 240 240 240 240 240 240 240
 240 154  47  78 106 151 240 240 240 240 240 240 240 240 240 240
  57  56  58 148 240 206  41  98 240 240 240 240 240 240 240 240
  63  73  83 172 240 214  36 117 240 240 240 240 240 240 240 240
  60 165 240 182  72  47  58 120 240 240 240 240 240 240 240 240
  63 174 239 201  42  65  69 127 240 240 240 240 240 240 240 240
 240 175  98  69  60 129 240 240 240 240 240 240 240 240 240 240
 240 156  56  66  60 138 240 240 240 240 240 240 240 240 240 240
  86 189 240 173  50  78 113 101  92 144 240 238 115 123  91 114
  64 164 240 164  48  66  64  66  69 108 240 238  47  61  70  63
  59  99 140 151 228 155  47 120 202 198 113 147  48  75 202 195
  62  63  61 164 240 191  41 124 240 227  32  63  63  81 237 240
 214 111  60 108 146 152 189 175 100 118  53  93 192 177 117 131
 240 152  54  62  61 145 240 208  37  65  64 101 240 240  66  61
 149 164 186 116  52 106 144 104  57  88 200 187 134 139  54  63
  63 161 240 158  47  58  64  60  63 113 240 236  47  59  59  61
 240 159  33  46  48 138 240 240 240 240 240 240 240 240 240 240
 215 111  35  81 106 172 229 226 240 240 240 240 240 240 240 240
  51  44  48 169 240 175  30 128 240 240 240 240 240 240 240 240
  46  78  86 168 235 169  30 131 238 240 240 240 240 240 240 240
  48 180 240 151  40  54  43 126 240 240 240 240 240 240 240 240
  72 188 238 141  32  55  69 147 240 240 240 240 240 240 240 240
 238 132  61  48  43 151 237 239 240 240 240 240 240 240 240 240
 240 113  48  50  44 153 240 240 240 240 240 240 240 240 240 240
  78 188 223 128  33  74  92  89  89 141 240 239  64  95  94  94
  48 190 240 125  36  45  44  47  53 123 240 219  16  45  50  49
  44  95 103 165 210 137  33 122 211 185  92  97  30  71 212 207
  50  44  47 179 240 162  30 152 240 197  20  45  47  88 235 240
 208  88  41 101 113 165 194 169 110 100  31  95 202 201 113 121
 240 111  40  43  46 156 240 173  20  47  48 105 237 237  30  47
 118 150 191  97  38  97 127  92  38  92 184 186 125 134  25  45
  45 187 240 123  30  41  45  47  46 125 238 228  20  46  47  46
 240 156  32  47  49 139 240 240 240 240 240 240 240 240 240 240
 188 114  35  81  93 149 214 205 240 240 240 240 240 240 240 240
  54  48  46 169 240 173  25 138 237 240 240 240 240 240 240 240
  48  80  87 164 232 157  30 135 240 240 240 240 240 240 240 240
  48 182 233 145  26  61  44 129 240 240 240 240 240 240 240 240
  75 182 239 139  32  53  72 150 236 240 240 240 240 240 240 240
 218 119  36  36  43 155 231 220 238 240 240 240 240 240 240 240
 240 112  48  46  44 152 238 240 240 240 240 240 240 240 240 240
  76 187 200 116  34  76  83  89 103 142 239 236  64  74 113  99
  47 190 240 128  36  46  45  49  51 125 238 221  15  45  49  51
  45  90  84 167 193 130  34 121 209 180 106  85  31  73 204 198
  49  46  45 184 240 161  28 153 238 200  20  47  48  91 240 240
 189  95  43  96  98 173 180 170 132 104  33  90 186 207 130 123
 240 110  39  45  47 154 240 172  22  47  48 107 240 237  28  48
 102 145 170  99  39  96 125 103  36  91 160 181 138 150  26  46
  45 186 240 125  32  44  47  46  45 128 238 226  17  46  48  47

 240 240 240 240 240 240 240 240 114  63 195 240 131  61  63  61
 240 240 240 240 240 240 240 240  91  70 202 237 117  66  54  59
 240 240 240 240 240 240 240 240 123  61  75  81 177 240 139  59
 240 240 240 240 240 240 240 240 115  47  48  63 192 240 134  47
 240 240 240 240 240 240 240 240 238 238 147  63  93 101 187 236
 240 240 240 240 240 240 240 240 240 240 113  32  53  64 200 240
 240 240 240 240 240 240 240 240 144 108 198 227 118  65  88 113
 240 240 240 240 240 240 240 240  92  69 202 240 100  37  57  63
 240 240  98 117 120 127 240 240 101  66 120 124 175 208 104  60
 240 240  41  36  58  69 240 240 113  64  47  41 189 240 144  64
 121 151 206 214  47  65 129 138  78  66 155 191 152 145 106  58
  63 106 240 240  72  42  60  60  50  48 228 240 146  61  52  47
  57  78 148 172 182 201  69  66 173 164 151 164 108  62 116 158
  47  47  58  83 240 239  98  56 240 240 140  61  60  54 186 240
 193 154  56  73 165 174 175 156 189 164  99  63 111 152 164 161
 240 240  57  63  60  63 240 240  86  64  59  62 214 240 149  63
 240 240 240 240 240 240 240 240  94  49 207 240 121  47  45  46
 240 240 240 240 240 240 240 240  94  50 212 235 113  30  25  47
 240 240 240 240 240 240 240 240  95  45  71  88 201 237 134  46
 240 240 240 240 240 240 240 240  64  16  30  47 202 237 125  20
 240 240 240 240 240 240 240 240 239 219  97  45  95 105 186 228
 240 240 240 240 240 240 240 240 240 240  92  20  31  48 184 238
 240 240 240 240 240 240 240 240 141 123 185 197 100  47  92 125
 240 240 240 238 240 240 240 240  89  53 211 240 110  20  38  46
 240 226 128 131 126 147 239 240  89  47 122 152 169 173  92  47
 240 229  30  30  43  69 237 240  92  44  33  30 194 240 127  45
 138 172 175 169  54  55 151 153  74  45 137 162 165 156  97  41
  48 106 240 235  40  32  43  44  33  36 210 240 113  46  38  30
  46  81 169 168 151 141  48  50 128 125 165 179 101  43  97 123
  33  35  48  86 240 238  61  48 223 240 103  47  41  40 191 240
 159 111  44  78 180 188 132 113 188 190  95  44  88 111 150 187
 240 215  51  46  48  72 238 240  78  48  44  50 208 240 118  45
 240 240 240 240 240 240 240 240  99  51 198 240 123  48  46  47
 240 240 240 240 240 240 240 240 113  49 204 240 130  28  26  48
 240 240 240 240 240 240 240 240  74  45  73  91 207 237 150  46
 240 240 240 240 240 240 240 240  64  15  31  48 186 240 138  17
 240 240 240 240 240 240 240 240 236 221  85  47  90 107 181 226
 240 240 240 240 240 240 240 240 239 238 106  20  33  48 160 238
 240 240 240 240 240 240 240 240 142 125 180 200 104  47  91 128
 240 240 237 240 240 236 238 240 103  51 209 238 132  22  36  45
 240 205 138 135 129 150 220 240  89  49 121 153 170 172 103  46
 240 214  25  30  44  72 231 238  83  45  34  28 180 240 125  47
 139 149 173 157  61  53 155 152  76  46 130 161 173 154  96  44
  49  93 240 232  26  32  43  44  34  36 193 240  98  47  39  32
  47  81 169 164 145 139  36  46 116 128 167 184  96  45  99 125
  32  35  46  87 233 239  36  48 200 240  84  45  43  39 170 240
 156 114  48  80 182 182 119 112 187 190  90  46  95 110 145 186
 240 188  54  48  48  75 218 240  76  47  45  49 189 240 102  45

