 240 240 240 238  70  37 236 240 109  51  48  50  48  34 174 240
 240 231 168 167 130 118 234 238 176 123  79  47 110 138 190 199
 240 233  64  46 240 240 240 240 240 240 114  33 191 240 139  52
 240 223  61  44 200 197 237 240 203 188 128  86 209 240 181  93
 240 227  59  54  50  44 233 240  97  29 208 240 240 240 240 240
 208 188  56  61 111  84 199 199  90  31 192 201 195 187 229 240
  55  57  51  64 240 232  92  58  52  48  49  54  61  48 176 240
  60  59  54  49 240 235 108  98 101  93  65  48  52  33 182 240
  56  57  59  64 240 240 240 240 240 240 108  52  51  35 184 240
  59  58  60  76 240 240 240 240 209 240 107  44  88  91 207 240
  63  64  60  86 240 240 240 238 132  81  60  32 200 238 153  67
  63  64  62  78 240 240 240 234 138  64  65  61 203 240 147  61
  66  66  65  78 240 240 240 240 229 240 117  50 204 240 240 240
  72  66  65  90 240 240 240 240 240 240 109  40 207 240 240 240
  72  74  67  88 240 240 240 240 151 101 223 240 237 240 176 118
  79  71  71 101 240 240 240 238 109  51 236 240 240 240 153  71
 232 230 231 235  82  18 191 232 119  42  42  38  42  31 121 228
 236 238 187 159 131  99 201 234 158 125  85  35  76 105 150 180
 236 238  60   8 224 235 231 229 227 234 142  26 126 229 158  49
 230 238  58  30 180 166 226 237 202 186 148  91 157 229 183 104
 228 240  59  45  47  15 207 240 114  25 159 225 227 227 231 227
 200 204  57  39  94  78 194 210 102  28 136 204 199 191 204 227
  52  52  48  24 216 239 108  52  48  45  50  52  53  35 123 227
  48  48  44  10 232 239 108  83  84  86  71  46  46  27 109 223
  48  48  47  23 235 240 235 233 233 238 128  48  48  27 114 228
  49  49  46   7 236 240 240 240 229 239 118  41  54  59 147 227
  49  49  49  42 235 240 240 240 125  67  54  24 156 235 163  64
  49  47  48  41 235 240 240 238 124  63  55  25 165 240 163  64
  50  51  48  33 240 240 240 240 230 233 128  23 168 240 238 236
  53  49  48  39 240 240 240 240 240 238 129  32 167 240 240 240
  58  49  49  24 240 240 240 236 144  68 191 217 235 240 177 102
  59  54  54  65 240 240 240 240 109  20 209 240 240 240 155  49
 221 223 220 233  85  17 182 223 120  46  45  41  45  31 118 215
 222 228 181 158 145 104 195 223 144 119  84  36  68  91 130 144
 224 236  62  12 215 220 223 220 213 219 144  27 126 215 157  49
 217 227  60  20 159 145 219 229 197 174 163 101 154 218 178 120
 224 232  59  47  51  16 203 227 114  23 153 213 215 222 218 215
 173 197  58  36  86  85 173 200 104  27 113 184 192 193 193 211
  53  53  48  27 208 231 107  51  49  45  49  52  51  33 122 210
  48  48  45  13 222 232 100  69  66  81  71  47  47  28 108 207
  48  48  47  30 221 223 223 221 222 228 131  48  48  30 109 212
  49  50  46  10 222 225 225 233 227 216 118  40  39  31 131 197
  52  49  49  40 225 235 233 228 116  60  54  23 145 228 159  60
  48  48  48  41 235 240 239 238 104  60  57  24 164 235 152  70
  48  50  47  33 240 240 240 240 236 235 133  22 169 240 237 225
  51  51  48  43 240 240 240 240 240 238 134  37 171 240 238 235
  56  51  51  29 240 240 240 240 118  51 162 191 234 240 160  82
  50  50  48  64 240 240 240 230 112  20 210 237 240 240 158  49

 240 199  52  93 240 240 240 240 240 240  67  61 240 240 118  71
 174 190 139 181 240 229 176 182 184 207 153 147 240 240 176 153
  34 138 240 240 240 187  48  33  35  91 238 240 240 240 240 240
  48 110 191 209 240 195  61  52  51  88 200 203 204 207 237 240
  50  47  33  86 240 201  54  48  52  44  32  61  50  40 240 240
  48  79 114 128 208 192  49  65 108 107  60  65 117 109 223 236
  51 123 240 188  29  31  48  93 240 240  81  64 240 240 101  51
 109 176 240 203  97  90  52 101 240 209 132 138 229 240 151 109
 240 238 240 240 240 199  58  98 240 240 238 234 240 240 240 238
 236 234 240 237 233 199  92 108 240 240 240 240 240 240 240 240
  37 118 240 197  44  84 232 235 240 240 240 240 240 240 240 240
  70 130 240 200  50 111 240 240 240 240 240 240 240 240 240 240
 238 167  46  44  54  61  64  49  64  76  86  78  78  90  88 101
 240 168  64  61  59  56  51  54  59  60  60  62  65  65  67  71
 240 231 233 223 227 188  57  59  57  58  64  64  66  66  74  71
 240 240 240 240 240 208  55  60  56  59  63  63  66  72  72  79
 228 180  49 104 227 227 227 223 228 227  64  64 236 240 102  49
 121 150 158 183 231 204 123 109 114 147 163 163 238 240 177 155
  31 105 229 229 227 191  35  27  27  59 235 240 240 240 240 240
  42  76 126 157 227 199  53  46  48  54 156 165 168 167 235 240
  38  35  26  91 225 204  52  46  48  41  24  25  23  32 217 240
  42  85 142 148 159 136  50  71 128 118  54  55 128 129 191 209
  42 125 234 186  25  28  45  86 238 239  67  63 233 238  68  20
 119 158 227 202 114 102  48  84 233 229 125 124 230 240 144 109
 232 234 229 237 240 210  52  83 233 240 240 238 240 240 236 240
 191 201 231 226 207 194 108 108 235 240 240 240 240 240 240 240
  18  99 235 166  15  78 239 239 240 240 240 240 240 240 240 240
  82 131 224 180  47  94 216 232 235 236 235 235 240 240 240 240
 235 159   8  30  45  39  24  10  23   7  42  41  33  39  24  65
 231 187  60  58  59  57  48  44  47  46  49  48  48  48  49  54
 230 238 238 238 240 204  52  48  48  49  49  47  51  49  49  54
 232 236 236 230 228 200  52  48  48  49  49  49  50  53  58  59
 215 144  49 120 215 211 210 207 212 197  60  70 225 235  82  49
 118 130 157 178 218 193 122 108 109 131 159 152 237 238 160 158
  31  91 215 218 222 193  33  28  30  31 228 235 240 240 240 240
  45  68 126 154 215 192  51  47  48  39 145 164 169 171 234 240
  41  36  27 101 213 184  52  47  48  40  23  24  22  37 191 237
  45  84 144 163 153 113  49  71 131 118  54  57 133 134 162 210
  46 119 219 174  23  27  45  81 228 216  60  60 235 238  51  20
 120 144 213 197 114 104  49  66 222 227 116 104 236 240 118 112
 223 223 220 229 227 200  51  69 221 233 228 238 240 240 240 230
 182 195 223 219 203 173 107 100 223 225 233 239 240 240 240 240
  17 104 220 145  16  85 231 232 223 225 235 240 240 240 240 240
  85 145 215 159  51  86 208 222 221 222 225 235 240 240 240 240
 233 158  12  20  47  36  27  13  30  10  40  41  33  43  29  64
 220 181  62  60  59  58  48  45  47  46  49  48  47  48  51  48
 223 228 236 227 232 197  53  48  48  50  49  48  50  51  51  50
 221 222 224 217 224 173  53  48  48  49  52  48  48  51  56  50

  71 153 240 240 240 236  51 109 238 240 240 240 101  71  71  79
 118 176 240 237 240 223 101 151 240 240 240 240  88  67  74  72
 240 240 240 207  40 109 240 240 240 240 240 240  90  65  66  72
 240 240 240 204  50 117 240 229 240 240 240 240  78  65  66  66
  61 147 240 203  61  65  64 138 234 240 240 240  78  62  64  63
  67 153 238 200  32  60  81 132 238 240 240 240  86  60  64  63
 240 207  91  88  44 107 240 209 240 240 240 240  76  60  58  59
 240 184  35  51  52 108 240 240 240 240 240 240  64  59  57  56
 240 182  33  52  48  65  93 101  98 108 235 240  49  54  59  60
 240 176  48  61  54  49  48  52  58  92 232 240  64  51  57  55
 240 229 187 195 201 192  31  90 199 199  84 111  61  56 188 208
 240 240 240 240 240 208  29  97 240 233  44  50  54  59 227 240
  93 181 240 209  86 128 188 203 240 237 197 200  44  61 223 240
  52 139 240 191  33 114 240 240 240 240 240 240  46  64 233 240
 199 190 138 110  47  79 123 176 238 234 118 130 167 168 231 240
 240 174  34  48  50  48  51 109 240 236  37  70 238 240 240 240
  49 155 240 240 240 209  20 109 240 240 240 240  65  54  54  59
 102 177 240 235 217 191  68 144 236 240 240 240  24  49  49  58
 240 240 240 167  32 129 238 240 240 240 240 240  39  48  49  53
 236 238 240 168  23 128 233 230 240 240 240 240  33  48  51  50
  64 163 240 165  25  55  63 124 238 240 240 235  41  48  47  49
  64 163 235 156  24  54  67 125 240 240 240 235  42  49  49  49
 227 147  59  54  41 118 239 229 240 240 240 236   7  46  49  49
 228 114  27  48  48 128 238 233 233 235 240 235  23  47  48  48
 223 109  27  46  46  71  86  84  83 108 239 232  10  44  48  48
 227 123  35  53  52  50  45  48  52 108 239 216  24  48  52  52
 227 204 191 199 204 136  28 102 210 194  78  94  39  57 204 200
 227 231 227 227 225 159  25 114 240 207  15  47  45  59 240 228
 104 183 229 157  91 148 186 202 237 226 166 180  30  58 238 230
  49 158 229 126  26 142 234 227 229 231 235 224   8  60 238 236
 180 150 105  76  35  85 125 158 234 201  99 131 159 187 238 236
 228 121  31  42  38  42  42 119 232 191  18  82 235 231 230 232
  49 158 240 240 237 210  20 112 230 240 240 240  64  48  50  50
  82 160 240 234 191 162  51 118 240 240 240 240  29  51  51  56
 235 238 240 171  37 134 238 240 240 240 240 240  43  48  51  51
 225 237 240 169  22 133 235 236 240 240 240 240  33  47  50  48
  70 152 235 164  24  57  60 104 238 239 240 235  41  48  48  48
  60 159 228 145  23  54  60 116 228 233 235 225  40  49  49  52
 197 131  31  39  40 118 216 227 233 225 225 222  10  46  50  49
 212 109  30  48  48 131 228 222 221 223 223 221  30  47  48  48
 207 108  28  47  47  71  81  66  69 100 232 222  13  45  48  48
 210 122  33  51  52  49  45  49  51 107 231 208  27  48  53  53
 211 193 193 192 184 113  27 104 200 173  85  86  36  58 197 173
 215 218 222 215 213 153  23 114 227 203  16  51  47  59 232 224
 120 178 218 154 101 163 174 197 229 219 145 159  20  60 227 217
  49 157 215 126  27 144 219 213 220 223 220 215  12  62 236 224
 144 130  91  68  36  84 119 144 223 195 104 145 158 181 228 222
 215 118  31  45  41  45  46 120 223 182  17  85 233 220 223 221

  79  72  72  66  63  63  59  56  60  55 208 240 240 240 240 240
  71  74  66  66  64  64  58  57  59  57 188 227 223 233 231 240
  71  67  65  65  62  60  60  59  54  51  56  59  61  64 168 240
 101  88  90  78  78  86  76  64  49  64  61  54  44  46 167 238
 240 240 240 240 240 240 240 240 240 240 111  50 200 240 130  70
 240 240 240 240 240 240 240 240 235 232  84  44 197 240 118  37
 240 240 240 240 240 240 240 240 108  92 199 233 237 240 234 236
 238 240 240 240 234 238 240 240  98  58 199 240 240 240 238 240
 109 151 240 229 138 132 209 240 101  52  90  97 203 240 176 109
  51 101 240 240  64  81 240 240  93  48  31  29 188 240 123  51
 236 223 109 117  65  60 107 108  65  49 192 208 128 114  79  48
 240 240  40  50  61  32  44  52  48  54 201 240  86  33  47  50
 240 237 207 204 203 200  88  51  52  61 195 240 209 191 110  48
 240 240 240 240 240 238  91  35  33  48 187 240 240 240 138  34
 153 176 240 240 147 153 207 184 182 176 229 240 181 139 190 174
  71 118 240 240  61  67 240 240 240 240 240 240  93  52 199 240
  59  58  53  50  49  49  49  48  48  52 200 228 230 236 236 232
  54  49  49  51  47  49  49  48  48  52 204 240 238 238 238 230
  54  49  48  48  48  49  46  47  44  48  57  59  58  60 187 231
  65  24  39  33  41  42   7  23  10  24  39  45  30   8 159 235
 240 240 240 240 235 235 236 235 232 216  94  47 180 224 131  82
 240 240 240 240 240 240 240 240 239 239  78  15 166 235  99  18
 240 240 240 240 240 240 240 235 108 108 194 207 226 231 201 191
 240 236 240 240 238 240 240 233  83  52 210 240 237 229 234 232
 109 144 240 230 124 125 229 233  84  48 102 114 202 227 158 119
  20  68 238 233  63  67 239 238  86  45  28  25 186 234 125  42
 209 191 129 128  55  54 118 128  71  50 136 159 148 142  85  42
 240 217  32  23  25  24  41  48  46  52 204 225  91  26  35  38
 240 235 167 168 165 156  54  48  46  53 199 227 157 126  76  42
 240 240 240 240 240 235  59  27  27  35 191 227 229 229 105  31
 155 177 240 238 163 163 147 114 109 123 204 231 183 158 150 121
  49 102 240 236  64  64 227 228 223 227 227 227 104  49 180 228
  50  56  51  48  48  52  49  48  48  53 173 224 217 224 222 221
  50  51  51  50  48  49  50  48  48  53 197 232 227 236 228 223
  48  51  48  47  48  49  46  47  45  48  58  59  60  62 181 220
  64  29  43  33  41  40  10  30  13  27  36  47  20  12 158 233
 240 240 240 240 235 225 222 221 222 208  86  51 159 215 145  85
 240 240 240 240 240 235 225 223 232 231  85  16 145 220 104  17
 240 240 240 240 239 233 225 223 100 107 173 203 219 223 195 182
 230 240 240 240 238 228 233 221  69  51 200 227 229 220 223 223
 112 118 240 236 104 116 227 222  66  49 104 114 197 213 144 120
  20  51 238 235  60  60 216 228  81  45  27  23 174 219 119  46
 210 162 134 133  57  54 118 131  71  49 113 153 163 144  84  45
 237 191  37  22  24  23  40  48  47  52 184 213 101  27  36  41
 240 234 171 169 164 145  39  48  47  51 192 215 154 126  68  45
 240 240 240 240 235 228  31  30  28  33 193 222 218 215  91  31
 158 160 238 237 152 159 131 109 108 122 193 218 178 157 130 118
  49  82 235 225  70  60 197 212 207 210 211 215 120  49 144 215

