 240 240 240 240 240 218  54  70 240 240 240 234  77  26 231 240
 240 230 185 189 203 176  54  66 195 186 240 239 133 132 184 200
 240 192  62  58  57  50  49  48  47  48 239 240 240 238  96  50
 207 203  97 105  55  52  93 108  51  50 240 237 199 206  85  51
  51 135 240 209  54  98 240 229  60  54 238 230  87  50  50  50
  86 154 240 210  88 111 225 216  58  46 228 215 106 108  61  51
 240 240 240 240 240 217  64  58  50  50  53  45 231 238  95  52
 240 240 240 240 240 224  91  94  73  95  55  41 238 240 102  49
 240 240 240 240 240 240 240 238 240 237  75  40 229 240  99  49
 240 240 240 240 240 240 240 240 235 227  72  44 234 222  97  56
 240 240 240 240 240 240 240 229  71  84  53  44  55  66 211 240
 240 240 240 240 235 240 240 227  72  46  45  72  82  33 227 240
 114 101  90 100 105  86  73  80  51  48 240 231 218 233 239 240
  62  60  62  59  58  54  52  47  43  49 234 239 240 240 240 237
  65  60  61  58  56  52  50  50 233 235 112  88 233 236 147 105
  63  61  58  57  51  56  51  66 240 231  82  49 230 240  99  50
 240 240 240 240 234 228  52  23 217 224 224 237  85  13 177 229
 240 234 194 192 192 176  55  35 172 155 217 232 140  94 157 193
 240 201  56  52  51  48  40  38  38  12 206 224 223 233 113  39
 210 174  98 116  49  34  93 112  44  14 212 230 196 208 103  40
  48  91 240 219  49  36 225 237  65   8 212 236 101  50  45  37
  67 107 240 213  81  85 209 214  57  15 195 197 109  94  56  37
 240 238 240 240 238 222  66  56  48  40  52  14 196 230 111  39
 240 240 240 238 240 233  74  73  73  96  44  10 199 235 118  40
 240 240 240 237 240 239 232 223 228 238  79   8 184 234 109  42
 240 240 240 235 239 240 240 237 225 238  78  12 202 222 111  65
 240 240 240 237 240 240 240 240  84  73  46  42  61  35 161 220
 238 240 240 240 237 240 239 240  69  35  54  52  55  19 179 231
 103  94  98  98  94  88  86  89  49  12 198 213 208 207 219 232
  48  49  48  48  48  47  48  43  45   9 215 225 229 228 229 232
  51  48  48  48  48  48  45  20 197 216 119  47 211 238 145  96
  51  50  48  48  47  48  45  22 233 240  96  12 197 235 123  46
 235 226 225 224 218 223  52  27 209 208 211 228  85  15 170 219
 231 209 177 174 152 158  57  26 140 142 204 223 149  90 143 158
 233 197  54  50  51  49  46  41  41  15 197 209 209 225 115  40
 198 168 117 112  49  40 105 114  50  18 200 218 187 181 102  42
  37  85 224 215  49  41 211 234  69   9 199 225 101  51  45  38
  76 110 227 222  96  89 191 200  57  15 168 189 125  81  58  43
 226 227 226 224 223 222  65  56  50  43  50  17 187 224 112  44
 236 234 225 224 229 237  74  71  74  91  49  12 191 227 121  40
 235 233 225 225 230 224 220 217 222 231  78  11 179 217 109  47
 228 226 225 228 230 233 224 218 206 234  78  12 181 220 129  78
 225 225 226 228 234 230 226 225  80  64  48  40  56  27 153 201
 235 229 225 229 230 222 217 232  71  45  68  38  42  33 171 213
  73  87 102  80  68  81  94  82  50  14 185 202 206 202 209 225
  49  50  51  48  48  47  48  46  54  12 209 224 223 219 221 221
  56  49  49  48  48  48  45  21 176 203  98  41 205 230 126  72
  50  49  49  48  47  48  46  28 217 236  99  13 192 230 123  46

 240 200  50  51  50  51  52  49  49  56 240 240 240 237 105  50
 231 184  96  85  50  61  95 102  99  97 211 227 239 240 147  99
  26 132 238 206  50 108 238 240 240 222  66  33 233 240 236 240
  77 133 240 199  87 106 231 238 229 234  55  82 218 240 233 230
 234 239 240 237 230 215  45  41  40  44  44  72 231 239  88  49
 240 240 239 240 238 228  53  55  75  72  53  45 240 234 112  82
 240 186  48  50  54  46  50  95 237 227  84  46  48  49 235 231
 240 195  47  51  60  58  50  73 240 235  71  72  51  43 233 240
  70  66  48 108 229 216  58  94 238 240 229 227  80  47  50  66
  54  54  49  93 240 225  64  91 240 240 240 240  73  52  50  51
 218 176  50  52  98 111 217 224 240 240 240 240  86  54  52  56
 240 203  57  55  54  88 240 240 240 240 240 235 105  58  56  51
 240 189  58 105 209 210 240 240 240 240 240 240 100  59  58  57
 240 185  62  97 240 240 240 240 240 240 240 240  90  62  61  58
 240 230 192 203 135 154 240 240 240 240 240 240 101  60  60  61
 240 240 240 207  51  86 240 240 240 240 240 240 114  62  65  63
 229 193  39  40  37  37  39  40  42  65 220 231 232 232  96  46
 177 157 113 103  45  56 111 118 109 111 161 179 219 229 145 123
  13  94 233 208  50  94 230 235 234 222  35  19 207 228 238 235
  85 140 223 196 101 109 196 199 184 202  61  55 208 229 211 197
 237 232 224 230 236 197  14  10   8  12  42  52 213 225  47  12
 224 217 206 212 212 195  52  44  79  78  46  54 198 215 119  96
 224 155  12  14   8  15  40  96 238 238  73  35  12   9 216 240
 217 172  38  44  65  57  48  73 228 225  84  69  49  45 197 233
  23  35  38 112 237 214  56  73 223 237 240 240  89  43  20  22
  52  55  40  93 225 209  66  74 232 240 240 239  86  48  45  45
 228 176  48  34  36  85 222 233 239 240 240 240  88  47  48  48
 234 192  51  49  49  81 238 240 240 239 240 237  94  48  48  47
 240 192  52 116 219 213 240 238 237 235 237 240  98  48  48  48
 240 194  56  98 240 240 240 240 240 240 240 240  98  48  48  48
 240 234 201 174  91 107 238 240 240 240 240 240  94  49  48  50
 240 240 240 210  48  67 240 240 240 240 240 238 103  48  51  51
 219 158  40  42  38  43  44  40  47  78 201 213 225 221  72  46
 170 143 115 102  45  58 112 121 109 129 153 171 209 221 126 123
  15  90 225 181  51  81 224 227 217 220  27  33 202 219 230 230
  85 149 209 187 101 125 187 191 179 181  56  42 206 223 205 192
 228 223 209 218 225 189  17  12  11  12  40  38 202 224  41  13
 211 204 197 200 199 168  50  49  78  78  48  68 185 209  98  99
 208 142  15  18   9  15  43  91 231 234  64  45  14  12 203 236
 209 140  41  50  69  57  50  74 222 206  80  71  50  54 176 217
  27  26  41 114 234 200  56  71 217 218 225 232  82  46  21  28
  52  57  46 105 211 191  65  74 220 224 226 217  94  48  45  46
 223 158  49  40  41  89 222 237 224 233 230 222  81  47  48  48
 218 152  51  49  49  96 223 229 230 230 234 230  68  48  48  47
 224 174  50 112 215 222 224 224 225 228 228 229  80  48  48  48
 225 177  54 117 224 227 226 225 225 225 226 225 102  51  49  49
 226 209 197 168  85 110 227 234 233 226 225 229  87  50  49  49
 235 231 233 198  37  76 226 236 235 228 225 235  73  49  56  50

  50  99 240 230  49  82 231 240  66  51  56  51  57  58  61  63
 105 147 236 233  88 112 235 233  50  50  52  56  58  61  60  65
 237 240 240 240 239 234  49  43  47  52  54  58  59  62  60  62
 240 239 233 218 231 240  48  51  80  73  86 105 100  90 101 114
 240 227  33  82  72  45  46  72 227 240 240 235 240 240 240 240
 240 211  66  55  44  53  84  71 229 240 240 240 240 240 240 240
  56  97 222 234  44  72 227 235 240 240 240 240 240 240 240 240
  49  99 240 229  40  75 237 240 238 240 240 240 240 240 240 240
  49 102 240 238  41  55  95  73  94  91 224 240 240 240 240 240
  52  95 238 231  45  53  50  50  58  64 217 240 240 240 240 240
  51  61 108 106 215 228  46  58 216 225 111  88 210 240 154  86
  50  50  50  87 230 238  54  60 229 240  98  54 209 240 135  51
  51  85 206 199 237 240  50  51 108  93  52  55 105  97 203 207
  50  96 238 240 240 239  48  47  48  49  50  57  58  62 192 240
 200 184 132 133 239 240 186 195  66  54 176 203 189 185 230 240
 240 231  26  77 234 240 240 240  70  54 218 240 240 240 240 240
  46 123 235 197  12  96 240 233  22  45  48  47  48  48  50  51
  96 145 238 211  47 119 216 197  20  45  48  48  48  48  48  51
 232 229 228 229 225 215   9  45  43  48  47  48  48  48  49  48
 232 219 207 208 213 198  12  49  89  86  88  94  98  98  94 103
 231 179  19  55  52  54  35  69 240 239 240 237 240 240 240 238
 220 161  35  61  42  46  73  84 240 240 240 240 237 240 240 240
  65 111 222 202  12  78 238 225 237 240 240 239 235 240 240 240
  42 109 234 184   8  79 238 228 223 232 239 240 237 240 240 240
  40 118 235 199  10  44  96  73  73  74 233 240 238 240 240 240
  39 111 230 196  14  52  40  48  56  66 222 238 240 240 238 240
  37  56  94 109 197 195  15  57 214 209  85  81 213 240 107  67
  37  45  50 101 236 212   8  65 237 225  36  49 219 240  91  48
  40 103 208 196 230 212  14  44 112  93  34  49 116  98 174 210
  39 113 233 223 224 206  12  38  38  40  48  51  52  56 201 240
 193 157  94 140 232 217 155 172  35  55 176 192 192 194 234 240
 229 177  13  85 237 224 224 217  23  52 228 234 240 240 240 240
  46 123 230 192  13  99 236 217  28  46  48  47  48  49  49  50
  72 126 230 205  41  98 203 176  21  45  48  48  48  49  49  56
 221 221 219 223 224 209  12  54  46  48  47  48  48  51  50  49
 225 209 202 206 202 185  14  50  82  94  81  68  80 102  87  73
 213 171  33  42  38  68  45  71 232 217 222 230 229 225 229 235
 201 153  27  56  40  48  64  80 225 226 230 234 228 226 225 225
  78 129 220 181  12  78 234 206 218 224 233 230 228 225 226 228
  47 109 217 179  11  78 231 222 217 220 224 230 225 225 233 235
  40 121 227 191  12  49  91  74  71  74 237 229 224 225 234 236
  44 112 224 187  17  50  43  50  56  65 222 223 224 226 227 226
  43  58  81 125 189 168  15  57 200 191  89  96 222 227 110  76
  38  45  51 101 225 199   9  69 234 211  41  49 215 224  85  37
  42 102 181 187 218 200  18  50 114 105  40  49 112 117 168 198
  40 115 225 209 209 197  15  41  41  46  49  51  50  54 197 233
 158 143  90 149 223 204 142 140  26  57 158 152 174 177 209 231
 219 170  15  85 228 211 208 209  27  52 223 218 224 225 226 235

  63  65  62 114 240 240 240 240 240 240  86  51 207 240 240 240
  61  60  60 101 240 240 240 240 240 240 154 135 203 192 230 240
  58  61  62  90 240 240 240 240 240 240 240 240  97  62 185 240
  57  58  59 100 240 240 240 240 240 240 210 209 105  58 189 240
  51  56  58 105 235 240 240 240 240 240  88  54  55  57 203 240
  56  52  54  86 240 240 240 240 224 217 111  98  52  50 176 218
  51  50  52  73 240 240 240 240  91  64 225 240  93  49  54  54
  66  50  47  80 227 229 240 238  94  58 216 229 108  48  66  70
 240 233  43  51  72  71 235 240  73  50  58  60  51  47 195 240
 231 235  49  48  46  84 227 237  95  50  46  54  50  48 186 240
  82 112 234 240  45  53  72  75  55  53 228 238 240 239 240 240
  49  88 239 231  72  44  44  40  41  45 215 230 237 240 239 234
 230 233 240 218  82  55 234 229 238 231 106  87 199 240 133  77
 240 236 240 233  33  66 222 240 240 238 108  50 206 238 132  26
  99 147 240 239 227 211  97  99 102  95  61  50  85  96 184 231
  50 105 237 240 240 240  56  49  49  52  51  50  51  50 200 240
  51  51  48 103 238 240 240 240 240 240  67  48 210 240 240 240
  50  48  49  94 240 240 240 240 240 238 107  91 174 201 234 240
  48  48  48  98 240 240 240 240 240 240 240 240  98  56 194 240
  48  48  48  98 240 237 235 237 238 240 213 219 116  52 192 240
  47  48  48  94 237 240 239 240 240 238  81  49  49  51 192 234
  48  48  47  88 240 240 240 239 233 222  85  36  34  48 176 228
  45  45  48  86 239 240 240 232  74  66 209 225  93  40  55  52
  22  20  43  89 240 240 237 223  73  56 214 237 112  38  35  23
 233 197  45  49  69  84 225 228  73  48  57  65  44  38 172 217
 240 216   9  12  35  73 238 238  96  40  15   8  14  12 155 224
  96 119 215 198  54  46  78  79  44  52 195 212 212 206 217 224
  12  47 225 213  52  42  12   8  10  14 197 236 230 224 232 237
 197 211 229 208  55  61 202 184 199 196 109 101 196 223 140  85
 235 238 228 207  19  35 222 234 235 230  94  50 208 233  94  13
 123 145 229 219 179 161 111 109 118 111  56  45 103 113 157 177
  46  96 232 232 231 220  65  42  40  39  37  37  40  39 193 229
  50  56  49  73 235 225 228 235 236 226  76  37 198 233 231 235
  49  49  50  87 229 225 226 233 234 227 110  85 168 197 209 226
  49  49  51 102 225 226 225 225 225 226 227 224 117  54 177 225
  48  48  48  80 229 228 228 225 224 224 222 215 112  50 174 224
  47  48  48  68 230 234 230 230 229 223  96  49  49  51 152 218
  48  48  47  81 222 230 233 224 237 222  89  41  40  49 158 223
  46  45  48  94 217 226 224 220  74  65 191 211 105  46  57  52
  28  21  46  82 232 225 218 217  71  56 200 234 114  41  26  27
 217 176  54  50  71  80 206 222  74  50  57  69  50  41 140 209
 236 203  12  14  45  64 234 231  91  43  15   9  18  15 142 208
  99  98 209 185  68  48  78  78  49  50 168 199 200 197 204 211
  13  41 224 202  38  40  12  11  12  17 189 225 218 209 223 228
 192 205 223 206  42  56 181 179 191 187 125 101 187 209 149  85
 230 230 219 202  33  27 220 217 227 224  81  51 181 225  90  15
 123 126 221 209 171 153 129 109 121 112  58  45 102 115 143 170
  46  72 221 225 213 201  78  47  40  44  43  38  42  40 158 219

