  50 132 240 190  50  49  55  71 240 230  72  59  58  57  61  59
 153 202 240 196  49  63 180 208 240 240 211 179  75  59  62  61
 240 240 240 190  51  85 240 240 240 240 240 240  93  58  58  57
 240 240 240 229 174 192 240 236 138 106 152 128  72  39 182 152
 240 240 240 240 240 240 240 234  65  60  58  60  56  41 203 240
 240 210 135 180 240 240 240 239 197 142  65  57  57  50 132 168
 240 179  52 111 240 240 240 240 240 229  73  63  57  60  59  59
 240 182  53 108 240 231 156 158 192 160  67  62  60  57  63  62
 240 180  51 109 240 209  60  60  59  59  61  58  61  55  62  61
 200 167 150 153 190 174 113 126  61  50 107 147  76  61  56  56
  53 132 240 190  50  87 240 231  63  61 239 239  88  59  61  59
  50 129 240 195  54 102 240 236  95  98 240 240  88  58 100  91
  51 127 240 193  49  90 240 240 240 240 240 237  97  40 224 240
  86 145 229 191 100 126 240 234 240 240 240 237 115  34 229 240
 240 180  65 109 240 210  68  73 240 240 240 240 240 240 240 240
 240 184  52  94 240 219  63  87 240 239 220 240 240 240 235 240
  32 102 240 202  33  33  33  31 240 240  64  35  35  38  37  34
 163 197 240 203  37  42 187 183 240 239 193 193  68  36  34  35
 240 240 240 200  35  49 240 240 240 240 240 236  90  36  37  33
 240 240 240 225 176 189 240 238 132 123 126 133  62  25 123 159
 240 240 240 240 240 240 240 238  55  42  40  40  35  27 170 239
 240 215 147 157 240 240 240 238 167 165  59  36  36  31 120 154
 240 187  36  72 240 240 240 240 240 240  56  38  37  38  35  36
 240 191  36  82 240 231 172 160 164 175  54  35  42  37  36  36
 239 184  34  79 240 224  45  41  42  41  38  37  38  37  36  36
 189 142 110 120 182 165 120 136  45  28 115 117  63  40  37  35
  36 107 238 200  42  59 240 232  50  17 238 240  79  39  40  41
  37 105 240 203  38  64 240 238 103  79 237 240  95  34  71  85
  35  94 240 195  38  63 240 240 240 240 240 240  99  24 188 240
  76 134 228 190  71 100 225 221 240 240 240 239 107  50 193 240
 240 196  57  78 240 221  51  49 240 240 240 240 240 240 240 240
 238 199  43  84 238 224  51  32 236 237 233 240 240 240 238 240
  32 103 236 202  35  35  34  35 237 238  67  37  41  40  39  37
 188 204 238 210  37  55 222 177 240 239 184 217  69  41  40  41
 238 240 240 202  39  51 240 240 240 240 240 240  94  36  38  34
 240 240 240 220 180 200 240 235 121 128  91 129  63  28 111 173
 239 240 240 240 240 240 240 240  59  44  39  42  39  26 167 233
 240 213 151 155 240 240 240 237 151 188  62  40  36  29 117 119
 240 194  38  68 240 240 240 240 240 239  58  41  39  39  38  38
 240 191  38  85 240 235 159 157 140 168  55  37  43  38  38  38
 237 187  36  75 240 223  48  44  42  43  41  40  40  40  40  35
 153 125  93 110 160 174 130 144  47  28 137  95  63  42  38  37
  38 104 232 201  44  58 240 236  51  17 235 240  82  37  42  42
  39 105 240 202  38  66 240 231 131  89 236 240  99  33  76 105
  36  97 240 204  39  60 240 240 240 240 240 237 101  25 192 237
  79 134 208 183  56  84 202 212 240 240 240 240 100  70 192 240
 240 195  47  72 239 222  56  51 240 240 240 240 240 239 240 240
 215 188  43  78 214 216  52  29 214 232 240 230 224 240 239 226

  59  61  57 152 240 168  59  62  61  56  59  91 240 240 240 240
  61  62  58 182 203 132  59  63  62  56  61 100 224 229 240 235
  57  59  58  39  41  50  60  57  55  61  59  58  40  34 240 240
  58  75  93  72  56  57  57  60  61  76  88  88  97 115 240 240
  59 179 240 128  60  57  63  62  58 147 239 240 237 237 240 240
  72 211 240 152  58  65  73  67  61 107 239 240 240 240 240 220
 230 240 240 106  60 142 229 160  59  50  61  98 240 240 240 239
 240 240 240 138  65 197 240 192  59  61  63  95 240 240 240 240
  71 208 240 236 234 239 240 158  60 126 231 236 240 234  73  87
  55 180 240 240 240 240 240 156  60 113 240 240 240 240  68  63
  49  63  85 192 240 240 240 231 209 174  87 102  90 126 210 219
  50  49  51 174 240 240 240 240 240 190  50  54  49 100 240 240
 190 196 190 229 240 180 111 108 109 153 190 195 193 191 109  94
 240 240 240 240 240 135  52  53  51 150 240 240 240 229  65  52
 132 202 240 240 240 210 179 182 180 167 132 129 127 145 180 184
  50 153 240 240 240 240 240 240 240 200  53  50  51  86 240 240
  34  35  33 159 239 154  36  36  36  35  41  85 240 240 240 240
  37  34  37 123 170 120  35  36  36  37  40  71 188 193 240 238
  38  36  36  25  27  31  38  37  37  40  39  34  24  50 240 240
  35  68  90  62  35  36  37  42  38  63  79  95  99 107 240 240
  35 193 236 133  40  36  38  35  37 117 240 240 240 239 240 240
  64 193 240 126  40  59  56  54  38 115 238 237 240 240 240 233
 240 239 240 123  42 165 240 175  41  28  17  79 240 240 240 237
 240 240 240 132  55 167 240 164  42  45  50 103 240 240 240 236
  31 183 240 238 238 238 240 160  41 136 232 238 240 221  49  32
  33 187 240 240 240 240 240 172  45 120 240 240 240 225  51  51
  33  42  49 189 240 240 240 231 224 165  59  64  63 100 221 224
  33  37  35 176 240 240 240 240 240 182  42  38  38  71 240 238
 202 203 200 225 240 157  72  82  79 120 200 203 195 190  78  84
 240 240 240 240 240 147  36  36  34 110 238 240 240 228  57  43
 102 197 240 240 240 215 187 191 184 142 107 105  94 134 196 199
  32 163 240 240 240 240 240 240 239 189  36  37  35  76 240 238
  37  41  34 173 233 119  38  38  35  37  42 105 237 240 240 226
  39  40  38 111 167 117  38  38  40  38  42  76 192 192 240 239
  40  41  36  28  26  29  39  38  40  42  37  33  25  70 239 240
  41  69  94  63  39  36  39  43  40  63  82  99 101 100 240 224
  37 217 240 129  42  40  41  37  40  95 240 240 237 240 240 230
  67 184 240  91  39  62  58  55  41 137 235 236 240 240 240 240
 238 239 240 128  44 188 239 168  43  28  17  89 240 240 240 232
 237 240 240 121  59 151 240 140  42  47  51 131 240 240 240 214
  35 177 240 235 240 237 240 157  44 144 236 231 240 212  51  29
  34 222 240 240 240 240 240 159  48 130 240 240 240 202  56  52
  35  55  51 200 240 240 240 235 223 174  58  66  60  84 222 216
  35  37  39 180 240 240 240 240 240 160  44  38  39  56 239 214
 202 210 202 220 240 155  68  85  75 110 201 202 204 183  72  78
 236 238 240 240 240 151  38  38  36  93 232 240 240 208  47  43
 103 204 240 240 240 213 194 191 187 125 104 105  97 134 195 188
  32 188 238 240 239 240 240 240 237 153  38  39  36  79 240 215

 240 235 240 240 240 220 239 240  87  63 219 240  94  52 184 240
 240 240 240 240 240 240 240 240  73  68 210 240 109  65 180 240
 240 229  34 115 237 240 240 240 234 240 126 100 191 229 145  86
 240 224  40  97 237 240 240 240 240 240  90  49 193 240 127  51
  91 100  58  88 240 240  98  95 236 240 102  54 195 240 129  50
  59  61  59  88 239 239  61  63 231 240  87  50 190 240 132  53
  56  56  61  76 147 107  50  61 126 113 174 190 153 150 167 200
  61  62  55  61  58  61  59  59  60  60 209 240 109  51 180 240
  62  63  57  60  62  67 160 192 158 156 231 240 108  53 182 240
  59  59  60  57  63  73 229 240 240 240 240 240 111  52 179 240
 168 132  50  57  57  65 142 197 239 240 240 240 180 135 210 240
 240 203  41  56  60  58  60  65 234 240 240 240 240 240 240 240
 152 182  39  72 128 152 106 138 236 240 192 174 229 240 240 240
  57  58  58  93 240 240 240 240 240 240  85  51 190 240 240 240
  61  62  59  75 179 211 240 240 208 180  63  49 196 240 202 153
  59  61  57  58  59  72 230 240  71  55  49  50 190 240 132  50
 240 238 240 240 240 233 237 236  32  51 224 238  84  43 199 238
 240 240 240 240 240 240 240 240  49  51 221 240  78  57 196 240
 240 193  50 107 239 240 240 240 221 225 100  71 190 228 134  76
 240 188  24  99 240 240 240 240 240 240  63  38 195 240  94  35
  85  71  34  95 240 237  79 103 238 240  64  38 203 240 105  37
  41  40  39  79 240 238  17  50 232 240  59  42 200 238 107  36
  35  37  40  63 117 115  28  45 136 120 165 182 120 110 142 189
  36  36  37  38  37  38  41  42  41  45 224 240  79  34 184 239
  36  36  37  42  35  54 175 164 160 172 231 240  82  36 191 240
  36  35  38  37  38  56 240 240 240 240 240 240  72  36 187 240
 154 120  31  36  36  59 165 167 238 240 240 240 157 147 215 240
 239 170  27  35  40  40  42  55 238 240 240 240 240 240 240 240
 159 123  25  62 133 126 123 132 238 240 189 176 225 240 240 240
  33  37  36  90 236 240 240 240 240 240  49  35 200 240 240 240
  35  34  36  68 193 193 239 240 183 187  42  37 203 240 197 163
  34  37  38  35  35  64 240 240  31  33  33  33 202 240 102  32
 226 239 240 224 230 240 232 214  29  52 216 214  78  43 188 215
 240 240 239 240 240 240 240 240  51  56 222 239  72  47 195 240
 240 192  70 100 240 240 240 240 212 202  84  56 183 208 134  79
 237 192  25 101 237 240 240 240 240 240  60  39 204 240  97  36
 105  76  33  99 240 236  89 131 231 240  66  38 202 240 105  39
  42  42  37  82 240 235  17  51 236 240  58  44 201 232 104  38
  37  38  42  63  95 137  28  47 144 130 174 160 110  93 125 153
  35  40  40  40  40  41  43  42  44  48 223 240  75  36 187 237
  38  38  38  43  37  55 168 140 157 159 235 240  85  38 191 240
  38  38  39  39  41  58 239 240 240 240 240 240  68  38 194 240
 119 117  29  36  40  62 188 151 237 240 240 240 155 151 213 240
 233 167  26  39  42  39  44  59 240 240 240 240 240 240 240 239
 173 111  28  63 129  91 128 121 235 240 200 180 220 240 240 240
  34  38  36  94 240 240 240 240 240 240  51  39 202 240 240 238
  41  40  41  69 217 184 239 240 177 222  55  37 210 238 204 188
  37  39  40  41  37  67 238 237  35  34  35  35 202 236 103  32

 240 240  86  51  50  53 200 240 240 240 240 240 240 240 153  50
 184 180 145 127 129 132 167 180 182 179 210 240 240 240 202 132
  52  65 229 240 240 240 150  51  53  52 135 240 240 240 240 240
  94 109 191 193 195 190 153 109 108 111 180 240 229 190 196 190
 240 240 100  49  54  50 190 240 240 240 240 240 174  51  49  50
 219 210 126  90 102  87 174 209 231 240 240 240 192  85  63  49
  63  68 240 240 240 240 113  60 156 240 240 240 240 240 180  55
  87  73 234 240 236 231 126  60 158 240 239 234 236 240 208  71
 240 240 240 240  95  63  61  59 192 240 197  65 138 240 240 240
 239 240 240 240  98  61  50  59 160 229 142  60 106 240 240 230
 220 240 240 240 240 239 107  61  67  73  65  58 152 240 211  72
 240 240 237 237 240 239 147  58  62  63  57  60 128 240 179  59
 240 240 115  97  88  88  76  61  60  57  57  56  72  93  75  58
 240 240  34  40  58  59  61  55  57  60  50  41  39  58  59  57
 235 240 229 224 100  61  56  62  63  59 132 203 182  58  62  61
 240 240 240 240  91  59  56  61  62  59 168 240 152  57  61  59
 238 240  76  35  37  36 189 239 240 240 240 240 240 240 163  32
 199 196 134  94 105 107 142 184 191 187 215 240 240 240 197 102
  43  57 228 240 240 238 110  34  36  36 147 240 240 240 240 240
  84  78 190 195 203 200 120  79  82  72 157 240 225 200 203 202
 238 240  71  38  38  42 182 240 240 240 240 240 176  35  37  33
 224 221 100  63  64  59 165 224 231 240 240 240 189  49  42  33
  51  51 225 240 240 240 120  45 172 240 240 240 240 240 187  33
  32  49 221 240 238 232 136  41 160 240 238 238 238 240 183  31
 236 240 240 240 103  50  45  42 164 240 167  55 132 240 240 240
 237 240 240 240  79  17  28  41 175 240 165  42 123 240 239 240
 233 240 240 240 237 238 115  38  54  56  59  40 126 240 193  64
 240 240 239 240 240 240 117  37  35  38  36  40 133 236 193  35
 240 240 107  99  95  79  63  38  42  37  36  35  62  90  68  35
 240 240  50  24  34  39  40  37  37  38  31  27  25  36  36  38
 238 240 193 188  71  40  37  36  36  35 120 170 123  37  34  37
 240 240 240 240  85  41  35  36  36  36 154 239 159  33  35  34
 215 240  79  36  39  38 153 237 240 240 240 239 240 238 188  32
 188 195 134  97 105 104 125 187 191 194 213 240 240 240 204 103
  43  47 208 240 240 232  93  36  38  38 151 240 240 240 238 236
  78  72 183 204 202 201 110  75  85  68 155 240 220 202 210 202
 214 239  56  39  38  44 160 240 240 240 240 240 180  39  37  35
 216 222  84  60  66  58 174 223 235 240 240 240 200  51  55  35
  52  56 202 240 240 240 130  48 159 240 240 240 240 240 222  34
  29  51 212 240 231 236 144  44 157 240 237 240 235 240 177  35
 214 240 240 240 131  51  47  42 140 240 151  59 121 240 240 237
 232 240 240 240  89  17  28  43 168 239 188  44 128 240 239 238
 240 240 240 240 236 235 137  41  55  58  62  39  91 240 184  67
 230 240 240 237 240 240  95  40  37  41  40  42 129 240 217  37
 224 240 100 101  99  82  63  40  43  39  36  39  63  94  69  41
 240 239  70  25  33  37  42  40  38  39  29  26  28  36  41  40
 239 240 192 192  76  42  38  40  38  38 117 167 111  38  40  39
 226 240 240 237 105  42  37  35  38  38 119 233 173  34  41  37

