 240 240 240 240 103  26 202 240 138  35 165 240 240 240 240 240
 235 223 240 240  91  34 191 212 132  76 184 240 217 191 190 187
  54  42 237 240  96  49  49  35 187 240 240 240 163  48  47  52
  49  55 236 240  90  72  67  41 189 240 240 239 151  48  64  87
  52  47 235 240 240 239 114  49  52  48  47  46  52  44 143 240
  51  36 225 224 240 240 113  48  50  47  45  52  57  60 142 240
  50  52  70  76 233 240 118  48  49  35 184 240 240 240 240 240
  53  54  54  42 224 240 126  74  86  75 164 218 213 206 229 240
  52  72 239 231 109  46 220 240 222 210 162 101  95  81 133 240
  52  66 240 233  88  32 210 240 240 240 142  63  59  45 138 240
  53  58 240 237  94  27 207 240 240 240 240 240 171  46 148 240
  53  52 240 240  95  30 203 240 240 240 240 240 159  48 134 240
  52  43 240 240  95  26 212 240 163  89 188 240 160  51  42  75
  53  39 240 240 100  25 220 240 126  37 171 240 163  51  56  51
  59  69 240 240  93  27 216 240 137  35 191 240 218 193 143  51
  62  65 240 240 100  41 218 240 133  38 195 240 240 240 163  59
 236 240 240 240 127  20 173 240 149  30 127 227 235 232 234 233
 216 199 240 240 101  27 147 196 148  82 149 233 221 194 199 203
  52  18 236 240 107  47  46  30 149 239 237 240 184  47  42  45
  48  19 234 240 124  84  68  29 137 216 215 212 169  44  54  81
  48  13 230 240 240 240 127  47  44  53  53  54  52  40  98 226
  48  13 220 225 237 240 131  45  45  45  53  71  74  74 112 229
  48  44  66  38 203 240 134  45  41  29 132 236 237 238 230 232
  48  47  49  18 193 240 141  57  61  48 123 229 226 224 231 234
  48  30 206 224 131  48 169 235 229 225 160  75  71  60  92 238
  48  34 223 240 104  23 172 240 240 240 162  52  50  39  92 239
  48  27 220 240 114  22 181 240 240 240 232 228 185  38  91 234
  48  19 240 240 112  21 179 240 240 240 240 240 177  42  86 228
  48   9 240 237 105  20 184 240 182  93 158 240 177  45  51  83
  49   9 239 240 108  23 186 240 145  34 128 240 182  48  51  45
  50  31 240 238 105  24 179 240 155  30 125 240 229 212 166  48
  53  24 240 240 114  24 180 240 151  30 121 240 240 240 181  48
 229 237 239 239 129  25 170 235 149  32 125 224 224 225 225 228
 190 189 239 240 101  26 124 168 165  99 151 224 204 164 200 200
  49  16 231 240 108  47  48  37 148 226 224 227 186  47  46  44
  48  20 232 240 138  92  70  31 115 178 178 175 164  44  39  79
  48  13 221 233 238 235 130  48  43  54  57  56  51  41  93 210
  48  12 217 226 234 239 132  46  45  45  65  87  87  87 107 215
  48  42  57  27 199 237 137  47  43  30 131 229 226 229 223 221
  50  49  47  17 188 237 141  39  40  29 119 237 234 237 223 224
  48  32 179 211 130  53 165 223 227 234 153  48  47  45  83 225
  48  35 214 238 104  23 172 237 239 239 156  48  49  41  91 224
  48  28 211 237 113  22 177 239 240 238 220 212 184  40  91 223
  48  22 226 236 114  21 173 240 237 236 238 239 178  43  84 219
  49  13 232 240 104  21 184 240 187 104 161 238 178  45  64  92
  52  10 234 240 108  23 187 240 149  34 129 239 186  49  51  46
  51  36 237 240 107  24 177 240 155  31 125 239 221 216 163  49
  53  29 240 232 117  24 180 234 151  31 120 240 240 240 181  50

 240 187  52  87 240 240 240 240 240 240 240 240  75  51  51  59
 240 190  47  64 143 142 240 229 133 138 148 134  42  56 143 163
 240 191  48  48  44  60 240 206  81  45  46  48  51  51 193 240
 240 217 163 151  52  57 240 213  95  59 171 159 160 163 218 240
 240 240 240 239  46  52 240 218 101  63 240 240 240 240 240 240
 165 184 240 240  47  45 184 164 162 142 240 240 188 171 191 195
  35  76 240 240  48  47  35  75 210 240 240 240  89  37  35  38
 138 132 187 189  52  50  49  86 222 240 240 240 163 126 137 133
 240 212  35  41  49  48  48  74 240 240 240 240 240 240 240 240
 202 191  49  67 114 113 118 126 220 210 207 203 212 220 216 218
  26  34  49  72 239 240 240 240  46  32  27  30  26  25  27  41
 103  91  96  90 240 240 233 224 109  88  94  95  95 100  93 100
 240 240 240 240 240 224  76  42 231 233 237 240 240 240 240 240
 240 240 237 236 235 225  70  54 239 240 240 240 240 240 240 240
 240 223  42  55  47  36  52  54  72  66  58  52  43  39  69  65
 240 235  54  49  52  51  50  53  52  52  53  53  52  53  59  62
 233 203  45  81 226 229 232 234 238 239 234 228  83  45  48  48
 234 199  42  54  98 112 230 231  92  92  91  86  51  51 166 181
 232 194  47  44  40  74 238 224  60  39  38  42  45  48 212 240
 235 221 184 169  52  74 237 226  71  50 185 177 177 182 229 240
 227 233 240 212  54  71 236 229  75  52 228 240 240 240 240 240
 127 149 237 215  53  53 132 123 160 162 232 240 158 128 125 121
  30  82 239 216  53  45  29  48 225 240 240 240  93  34  30  30
 149 148 149 137  44  45  41  61 229 240 240 240 182 145 155 151
 240 196  30  29  47  45  45  57 235 240 240 240 240 240 240 240
 173 147  46  68 127 131 134 141 169 172 181 179 184 186 179 180
  20  27  47  84 240 240 240 240  48  23  22  21  20  23  24  24
 127 101 107 124 240 237 203 193 131 104 114 112 105 108 105 114
 240 240 240 240 240 225  38  18 224 240 240 240 237 240 238 240
 240 240 236 234 230 220  66  49 206 223 220 240 240 239 240 240
 240 199  18  19  13  13  44  47  30  34  27  19   9   9  31  24
 236 216  52  48  48  48  48  48  48  48  48  48  48  49  50  53
 228 200  44  79 210 215 221 224 225 224 223 219  92  46  49  50
 225 200  46  39  93 107 223 223  83  91  91  84  64  51 163 181
 225 164  47  44  41  87 229 237  45  41  40  43  45  49 216 240
 224 204 186 164  51  87 226 234  47  49 184 178 178 186 221 240
 224 224 227 175  56  87 229 237  48  48 212 239 238 239 239 240
 125 151 224 178  57  65 131 119 153 156 220 238 161 129 125 120
  32  99 226 178  54  45  30  29 234 239 238 236 104  34  31  31
 149 165 148 115  43  45  43  40 227 239 240 237 187 149 155 151
 235 168  37  31  48  46  47  39 223 237 239 240 240 240 240 234
 170 124  48  70 130 132 137 141 165 172 177 173 184 187 177 180
  25  26  47  92 235 239 237 237  53  23  22  21  21  23  24  24
 129 101 108 138 238 234 199 188 130 104 113 114 104 108 107 117
 239 240 240 240 233 226  27  17 211 238 237 236 240 240 240 232
 239 239 231 232 221 217  57  47 179 214 211 226 232 234 237 240
 237 189  16  20  13  12  42  49  32  35  28  22  13  10  36  29
 229 190  49  48  48  48  48  50  48  48  48  48  49  52  51  53

  59 163 240 240 240 195  38 133 240 218  41 100 240 240  65  62
  51 143 193 218 240 191  35 137 240 216  27  93 240 240  69  59
  51  56  51 163 240 171  37 126 240 220  25 100 240 240  39  53
  75  42  51 160 240 188  89 163 240 212  26  95 240 240  43  52
 240 134  48 159 240 240 240 240 240 203  30  95 240 240  52  53
 240 148  46 171 240 240 240 240 240 207  27  94 237 240  58  53
 240 138  45  59  63 142 240 240 240 210  32  88 233 240  66  52
 240 133  81  95 101 162 210 222 240 220  46 109 231 239  72  52
 240 229 206 213 218 164  75  86  74 126 240 224  42  54  54  53
 240 240 240 240 240 184  35  49  48 118 240 233  76  70  52  50
 240 142  60  57  52  45  47  50  48 113 240 240 224 225  36  51
 240 143  44  52  46  47  48  52  49 114 239 240 240 235  47  52
  87  64  48 151 239 240 240 189  41  67  72  90 240 236  55  49
  52  47  48 163 240 240 240 187  35  49  49  96 240 237  42  54
 187 190 191 217 240 184  76 132 212 191  34  91 240 240 223 235
 240 240 240 240 240 165  35 138 240 202  26 103 240 240 240 240
  48 181 240 240 240 121  30 151 240 180  24 114 240 240  24  53
  48 166 212 229 240 125  30 155 240 179  24 105 238 240  31  50
  45  51  48 182 240 128  34 145 240 186  23 108 240 239   9  49
  83  51  45 177 240 158  93 182 240 184  20 105 237 240   9  49
 228  86  42 177 240 240 240 240 240 179  21 112 240 240  19  48
 234  91  38 185 228 232 240 240 240 181  22 114 240 220  27  48
 239  92  39  50  52 162 240 240 240 172  23 104 240 223  34  48
 238  92  60  71  75 160 225 229 235 169  48 131 224 206  30  48
 234 231 224 226 229 123  48  61  57 141 240 193  18  49  47  48
 232 230 238 237 236 132  29  41  45 134 240 203  38  66  44  48
 229 112  74  74  71  53  45  45  45 131 240 237 225 220  13  48
 226  98  40  52  54  53  53  44  47 127 240 240 240 230  13  48
  81  54  44 169 212 215 216 137  29  68  84 124 240 234  19  48
  45  42  47 184 240 237 239 149  30  46  47 107 240 236  18  52
 203 199 194 221 233 149  82 148 196 147  27 101 240 240 199 216
 233 234 232 235 227 127  30 149 240 173  20 127 240 240 240 236
  50 181 240 240 240 120  31 151 234 180  24 117 232 240  29  53
  49 163 216 221 239 125  31 155 240 177  24 107 240 237  36  51
  46  51  49 186 239 129  34 149 240 187  23 108 240 234  10  52
  92  64  45 178 238 161 104 187 240 184  21 104 240 232  13  50
 219  84  43 178 239 238 236 237 240 173  21 114 236 226  22  48
 223  91  40 184 212 220 238 240 239 177  22 113 237 211  28  48
 224  91  41  49  48 156 239 239 237 172  23 104 238 214  35  48
 225  83  45  47  48 153 234 227 223 165  53 130 211 179  32  48
 224 223 237 234 237 119  29  40  39 141 237 188  17  47  49  50
 221 223 229 226 229 131  30  43  47 137 237 199  27  57  42  48
 215 107  87  87  87  65  45  45  46 132 239 234 226 217  12  48
 210  93  41  51  56  57  54  43  48 130 235 238 233 221  13  48
  79  39  44 164 175 178 178 115  31  70  92 138 240 232  20  48
  44  46  47 186 227 224 226 148  37  48  47 108 240 231  16  49
 200 200 164 204 224 151  99 165 168 124  26 101 240 239 189 190
 228 225 225 224 224 125  32 149 235 170  25 129 239 239 237 229

  62  59  53  52  53  53  52  52  53  50  51  52  49  54 235 240
  65  69  39  43  52  58  66  72  54  52  36  47  55  42 223 240
 240 240 240 240 240 240 240 239  54  70 225 235 236 237 240 240
 240 240 240 240 240 237 233 231  42  76 224 240 240 240 240 240
 100  93 100  95  95  94  88 109 224 233 240 240  90  96  91 103
  41  27  25  26  30  27  32  46 240 240 240 239  72  49  34  26
 218 216 220 212 203 207 210 220 126 118 113 114  67  49 191 202
 240 240 240 240 240 240 240 240  74  48  48  49  41  35 212 240
 133 137 126 163 240 240 240 222  86  49  50  52 189 187 132 138
  38  35  37  89 240 240 240 210  75  35  47  48 240 240  76  35
 195 191 171 188 240 240 142 162 164 184  45  47 240 240 184 165
 240 240 240 240 240 240  63 101 218 240  52  46 239 240 240 240
 240 218 163 160 159 171  59  95 213 240  57  52 151 163 217 240
 240 193  51  51  48  46  45  81 206 240  60  44  48  48 191 240
 163 143  56  42 134 148 138 133 229 240 142 143  64  47 190 240
  59  51  51  75 240 240 240 240 240 240 240 240  87  52 187 240
  53  50  49  48  48  48  48  48  48  48  48  48  48  52 216 236
  24  31   9   9  19  27  34  30  47  44  13  13  19  18 199 240
 240 240 239 240 240 220 223 206  49  66 220 230 234 236 240 240
 240 238 240 237 240 240 240 224  18  38 225 240 240 240 240 240
 114 105 108 105 112 114 104 131 193 203 237 240 124 107 101 127
  24  24  23  20  21  22  23  48 240 240 240 240  84  47  27  20
 180 179 186 184 179 181 172 169 141 134 131 127  68  46 147 173
 240 240 240 240 240 240 240 235  57  45  45  47  29  30 196 240
 151 155 145 182 240 240 240 229  61  41  45  44 137 149 148 149
  30  30  34  93 240 240 240 225  48  29  45  53 216 239  82  30
 121 125 128 158 240 232 162 160 123 132  53  53 215 237 149 127
 240 240 240 240 240 228  52  75 229 236  71  54 212 240 233 227
 240 229 182 177 177 185  50  71 226 237  74  52 169 184 221 235
 240 212  48  45  42  38  39  60 224 238  74  40  44  47 194 232
 181 166  51  51  86  91  92  92 231 230 112  98  54  42 199 234
  48  48  45  83 228 234 239 238 234 232 229 226  81  45 203 233
  53  51  52  49  48  48  48  48  50  48  48  48  48  49 190 229
  29  36  10  13  22  28  35  32  49  42  12  13  20  16 189 237
 240 237 234 232 226 211 214 179  47  57 217 221 232 231 239 239
 232 240 240 240 236 237 238 211  17  27 226 233 240 240 240 239
 117 107 108 104 114 113 104 130 188 199 234 238 138 108 101 129
  24  24  23  21  21  22  23  53 237 237 239 235  92  47  26  25
 180 177 187 184 173 177 172 165 141 137 132 130  70  48 124 170
 234 240 240 240 240 239 237 223  39  47  46  48  31  37 168 235
 151 155 149 187 237 240 239 227  40  43  45  43 115 148 165 149
  31  31  34 104 236 238 239 234  29  30  45  54 178 226  99  32
 120 125 129 161 238 220 156 153 119 131  65  57 178 224 151 125
 240 239 239 238 239 212  48  48 237 229  87  56 175 227 224 224
 240 221 186 178 178 184  49  47 234 226  87  51 164 186 204 224
 240 216  49  45  43  40  41  45 237 229  87  41  44  47 164 225
 181 163  51  64  84  91  91  83 223 223 107  93  39  46 200 225
  50  49  46  92 219 223 224 225 224 221 215 210  79  44 200 228

