 231 240 240 240 147  45 163 240 240 240 176  55 130 240 240 240
 191 191 237 240 135  54  96 157 165 170 166  60 121 192 194 182
  54  39 215 240 144  62  60  61  64  63  61  61  62  59  58  62
 147 152 202 213 140  49  93 147 145 145 151 140 106  57  57  98
 233 240 114  54  63  44 184 240 240 240 240 240 193  65  91 240
 235 240 170 136  90  41 177 240 240 240 229 229 219 115 125 240
 224 240 240 240 147  41 156 240 240 240 195  66 120 240 240 240
 228 232 239 240 170  61 161 240 237 216 202 112 160 240 240 240
  56  56 217 240 240 240 174  55  56  62 141 240 240 240 214  62
  62  61 215 240 240 240 175  60  59  54 121 234 231 240 211  63
  60  45 214 240 240 240 167  57  56  57  56  73 129 240 194  67
  57  32 205 240 240 240 153  59  53  53  40  70 121 239 189  59
  57  30 227 240 240 240 144  59  60  45 145 240 206 112 100  60
  56  34 232 240 240 240 148  57  59  44 141 240 175  76  78  60
  63  59 231 240 240 240 150  56  56  46 147 240 240 199 157  59
  57  59 237 240 240 240 136  56  55  42 172 240 240 240 171  61
 231 240 240 240 173  33 121 240 240 240 205  40  66 240 240 240
 169 168 217 240 155  40  91 179 176 178 174  43  51 182 179 188
  48  22 178 240 165  47  45  47  45  45  48  45  45  45  46  45
 102 116 189 205 146  40  78 118 126 126 133 132 124  49  40 122
 198 240 152  52  49  33 119 240 240 240 240 240 212  51  34 240
 237 240 177 110  96  35 137 240 240 240 238 220 201 110 103 240
 221 240 240 240 172  32 122 240 240 240 214  55  61 240 240 240
 200 230 237 240 182  71 138 226 224 232 217  92  95 240 239 224
  60  34 181 240 240 240 188  65  62  59 103 240 240 240 237  67
  48  22 193 240 240 240 189  46  48  40  90 234 233 240 240  51
  46  23 189 240 240 240 191  47  47  45  46  68  85 240 240  55
  46  16 186 240 240 240 195  48  46  43  52  54  81 238 223  55
  46  21 200 240 240 240 170  46  47  35  86 236 215  96  95  47
  46  21 195 240 240 240 170  49  48  30 102 240 212  58  61  46
  49  16 184 240 240 240 173  49  46  34 120 240 239 220 207  48
  47  20 238 240 240 240 167  47  47  33 123 240 240 240 208  50
 228 240 240 240 173  34 121 240 240 240 206  42  74 240 240 240
 133 140 218 240 152  36  91 185 173 164 159  43  44 156 155 190
  49  23 177 240 164  49  47  46  47  48  52  48  40  45  46  44
  84 102 178 171 140  41  84 103 115 105 111 122 137  49  51 135
 200 237 154  51  52  32 117 240 240 240 240 240 211  55  38 240
 234 240 159  91  95  35 133 240 240 240 238 199 191 116 107 240
 219 240 240 240 172  34 122 240 240 240 217  50  65 240 240 240
 172 230 238 240 170  81 131 199 208 238 217  73  95 240 235 198
  62  39 181 240 240 240 192  73  65  58  98 240 240 240 238  71
  48  20 191 240 240 240 189  46  45  39  88 240 236 240 239  52
  44  25 188 240 240 240 194  48  47  44  46  58  83 240 238  56
  45  15 187 240 240 240 194  49  46  43  51  39  84 240 223  55
  45  22 202 240 240 240 170  48  48  34  82 230 216  68  82  47
  45  21 201 240 240 240 170  50  47  30 103 240 215  49  56  49
  49  16 187 240 240 240 172  50  48  34 120 240 235 235 211  48
  48  20 236 240 240 240 170  48  47  34 126 240 240 240 209  51

 240 182  62  98 240 240 240 240  62  63  67  59  60  60  59  61
 240 194  58  57  91 125 240 240 214 211 194 189 100  78 157 171
 240 192  59  57  65 115 240 240 240 240 240 239 112  76 199 240
 130 121  62 106 193 219 120 160 240 231 129 121 206 175 240 240
  55  60  61 140 240 229  66 112 240 234  73  70 240 240 240 240
 176 166  61 151 240 229 195 202 141 121  56  40 145 141 147 172
 240 170  63 145 240 240 240 216  62  54  57  53  45  44  46  42
 240 165  64 145 240 240 240 237  56  59  56  53  60  59  56  55
 240 157  61 147 240 240 240 240  55  60  57  59  59  57  56  56
 163  96  60  93 184 177 156 161 174 175 167 153 144 148 150 136
  45  54  62  49  44  41  41  61 240 240 240 240 240 240 240 240
 147 135 144 140  63  90 147 170 240 240 240 240 240 240 240 240
 240 240 240 213  54 136 240 240 240 240 240 240 240 240 240 240
 240 237 215 202 114 170 240 239 217 215 214 205 227 232 231 237
 240 191  39 152 240 240 240 232  56  61  45  32  30  34  59  59
 231 191  54 147 233 235 224 228  56  62  60  57  57  56  63  57
 240 188  45 122 240 240 240 224  67  51  55  55  47  46  48  50
 240 179  46  40  34 103 240 239 237 240 240 223  95  61 207 208
 240 182  45  49  51 110 240 240 240 240 240 238  96  58 220 240
  66  51  45 124 212 201  61  95 240 233  85  81 215 212 239 240
  40  43  45 132 240 220  55  92 240 234  68  54 236 240 240 240
 205 174  48 133 240 238 214 217 103  90  46  52  86 102 120 123
 240 178  45 126 240 240 240 232  59  40  45  43  35  30  34  33
 240 176  45 126 240 240 240 224  62  48  47  46  47  48  46  47
 240 179  47 118 240 240 240 226  65  46  47  48  46  49  49  47
 121  91  45  78 119 137 122 138 188 189 191 195 170 170 173 167
  33  40  47  40  33  35  32  71 240 240 240 240 240 240 240 240
 173 155 165 146  49  96 172 182 240 240 240 240 240 240 240 240
 240 240 240 205  52 110 240 240 240 240 240 240 240 240 240 240
 240 217 178 189 152 177 240 237 181 193 189 186 200 195 184 238
 240 168  22 116 240 240 240 230  34  22  23  16  21  21  16  20
 231 169  48 102 198 237 221 200  60  48  46  46  46  46  49  47
 240 190  44 135 240 240 240 198  71  52  56  55  47  49  48  51
 240 155  46  51  38 107 240 235 238 239 238 223  82  56 211 209
 240 156  45  49  55 116 240 240 240 240 240 240  68  49 235 240
  74  44  40 137 211 191  65  95 240 236  83  84 216 215 235 240
  42  43  48 122 240 199  50  73 240 240  58  39 230 240 240 240
 206 159  52 111 240 238 217 217  98  88  46  51  82 103 120 126
 240 164  48 105 240 240 240 238  58  39  44  43  34  30  34  34
 240 173  47 115 240 240 240 208  65  45  47  46  48  47  48  47
 240 185  46 103 240 240 240 199  73  46  48  49  48  50  50  48
 121  91  47  84 117 133 122 131 192 189 194 194 170 170 172 170
  34  36  49  41  32  35  34  81 240 240 240 240 240 240 240 240
 173 152 164 140  52  95 172 170 240 240 240 240 240 240 240 240
 240 240 240 171  51  91 240 240 240 240 240 240 240 240 240 240
 240 218 177 178 154 159 240 238 181 191 188 187 202 201 187 236
 240 140  23 102 237 240 240 230  39  20  25  15  22  21  16  20
 228 133  49  84 200 234 219 172  62  48  44  45  45  45  49  48

  61 171 240 240 240 172  42  55  56 136 240 240 240 237  59  57
  59 157 199 240 240 147  46  56  56 150 240 240 240 231  59  63
  60  78  76 175 240 141  44  59  57 148 240 240 240 232  34  56
  60 100 112 206 240 145  45  60  59 144 240 240 240 227  30  57
  59 189 239 121  70  40  53  53  59 153 240 240 240 205  32  57
  67 194 240 129  73  56  57  56  57 167 240 240 240 214  45  60
  63 211 240 231 234 121  54  59  60 175 240 240 240 215  61  62
  62 214 240 240 240 141  62  56  55 174 240 240 240 217  56  56
 240 240 240 160 112 202 216 237 240 161  61 170 240 239 232 228
 240 240 240 120  66 195 240 240 240 156  41 147 240 240 240 224
 240 125 115 219 229 229 240 240 240 177  41  90 136 170 240 235
 240  91  65 193 240 240 240 240 240 184  44  63  54 114 240 233
  98  57  57 106 140 151 145 145 147  93  49 140 213 202 152 147
  62  58  59  62  61  61  63  64  61  60  62 144 240 215  39  54
 182 194 192 121  60 166 170 165 157  96  54 135 240 237 191 191
 240 240 240 130  55 176 240 240 240 163  45 147 240 240 240 231
  50 208 240 240 240 123  33  47  47 167 240 240 240 238  20  47
  48 207 220 239 240 120  34  46  49 173 240 240 240 184  16  49
  46  61  58 212 240 102  30  48  49 170 240 240 240 195  21  46
  47  95  96 215 236  86  35  47  46 170 240 240 240 200  21  46
  55 223 238  81  54  52  43  46  48 195 240 240 240 186  16  46
  55 240 240  85  68  46  45  47  47 191 240 240 240 189  23  46
  51 240 240 233 234  90  40  48  46 189 240 240 240 193  22  48
  67 237 240 240 240 103  59  62  65 188 240 240 240 181  34  60
 224 239 240  95  92 217 232 224 226 138  71 182 240 237 230 200
 240 240 240  61  55 214 240 240 240 122  32 172 240 240 240 221
 240 103 110 201 220 238 240 240 240 137  35  96 110 177 240 237
 240  34  51 212 240 240 240 240 240 119  33  49  52 152 240 198
 122  40  49 124 132 133 126 126 118  78  40 146 205 189 116 102
  45  46  45  45  45  48  45  45  47  45  47 165 240 178  22  48
 188 179 182  51  43 174 178 176 179  91  40 155 240 217 168 169
 240 240 240  66  40 205 240 240 240 121  33 173 240 240 240 231
  51 209 240 240 240 126  34  47  48 170 240 240 240 236  20  48
  48 211 235 235 240 120  34  48  50 172 240 240 240 187  16  49
  49  56  49 215 240 103  30  47  50 170 240 240 240 201  21  45
  47  82  68 216 230  82  34  48  48 170 240 240 240 202  22  45
  55 223 240  84  39  51  43  46  49 194 240 240 240 187  15  45
  56 238 240  83  58  46  44  47  48 194 240 240 240 188  25  44
  52 239 240 236 240  88  39  45  46 189 240 240 240 191  20  48
  71 238 240 240 240  98  58  65  73 192 240 240 240 181  39  62
 198 235 240  95  73 217 238 208 199 131  81 170 240 238 230 172
 240 240 240  65  50 217 240 240 240 122  34 172 240 240 240 219
 240 107 116 191 199 238 240 240 240 133  35  95  91 159 240 234
 240  38  55 211 240 240 240 240 240 117  32  52  51 154 237 200
 135  51  49 137 122 111 105 115 103  84  41 140 171 178 102  84
  44  46  45  40  48  52  48  47  46  47  49 164 240 177  23  49
 190 155 156  44  43 159 164 173 185  91  36 152 240 218 140 133
 240 240 240  74  42 206 240 240 240 121  34 173 240 240 240 228

  57  63  56  57  57  60  62  56 228 224 235 233 147  54 191 231
  59  59  34  30  32  45  61  56 232 240 240 240 152  39 191 240
 237 231 232 227 205 214 215 217 239 240 170 114 202 215 237 240
 240 240 240 240 240 240 240 240 240 240 136  54 213 240 240 240
 240 240 240 240 240 240 240 240 170 147  90  63 140 144 135 147
 240 240 240 240 240 240 240 240  61  41  41  44  49  62  54  45
 136 150 148 144 153 167 175 174 161 156 177 184  93  60  96 163
  56  56  57  59  59  57  60  55 240 240 240 240 147  61 157 240
  55  56  59  60  53  56  59  56 237 240 240 240 145  64 165 240
  42  46  44  45  53  57  54  62 216 240 240 240 145  63 170 240
 172 147 141 145  40  56 121 141 202 195 229 240 151  61 166 176
 240 240 240 240  70  73 234 240 112  66 229 240 140  61  60  55
 240 240 175 206 121 129 231 240 160 120 219 193 106  62 121 130
 240 199  76 112 239 240 240 240 240 240 115  65  57  59 192 240
 171 157  78 100 189 194 211 214 240 240 125  91  57  58 194 240
  61  59  60  60  59  67  63  62 240 240 240 240  98  62 182 240
  47  49  46  46  46  46  48  60 200 221 237 198 102  48 169 231
  20  16  21  21  16  23  22  34 230 240 240 240 116  22 168 240
 238 184 195 200 186 189 193 181 237 240 177 152 189 178 217 240
 240 240 240 240 240 240 240 240 240 240 110  52 205 240 240 240
 240 240 240 240 240 240 240 240 182 172  96  49 146 165 155 173
 240 240 240 240 240 240 240 240  71  32  35  33  40  47  40  33
 167 173 170 170 195 191 189 188 138 122 137 119  78  45  91 121
  47  49  49  46  48  47  46  65 226 240 240 240 118  47 179 240
  47  46  48  47  46  47  48  62 224 240 240 240 126  45 176 240
  33  34  30  35  43  45  40  59 232 240 240 240 126  45 178 240
 123 120 102  86  52  46  90 103 217 214 238 240 133  48 174 205
 240 240 240 236  54  68 234 240  92  55 220 240 132  45  43  40
 240 239 212 215  81  85 233 240  95  61 201 212 124  45  51  66
 240 220  58  96 238 240 240 240 240 240 110  51  49  45 182 240
 208 207  61  95 223 240 240 237 239 240 103  34  40  46 179 240
  50  48  46  47  55  55  51  67 224 240 240 240 122  45 188 240
  48  49  45  45  45  44  48  62 172 219 234 200  84  49 133 228
  20  16  21  22  15  25  20  39 230 240 240 237 102  23 140 240
 236 187 201 202 187 188 191 181 238 240 159 154 178 177 218 240
 240 240 240 240 240 240 240 240 240 240  91  51 171 240 240 240
 240 240 240 240 240 240 240 240 170 172  95  52 140 164 152 173
 240 240 240 240 240 240 240 240  81  34  35  32  41  49  36  34
 170 172 170 170 194 194 189 192 131 122 133 117  84  47  91 121
  48  50  50  48  49  48  46  73 199 240 240 240 103  46 185 240
  47  48  47  48  46  47  45  65 208 240 240 240 115  47 173 240
  34  34  30  34  43  44  39  58 238 240 240 240 105  48 164 240
 126 120 103  82  51  46  88  98 217 217 238 240 111  52 159 206
 240 240 240 230  39  58 240 240  73  50 199 240 122  48  43  42
 240 235 215 216  84  83 236 240  95  65 191 211 137  40  44  74
 240 235  49  68 240 240 240 240 240 240 116  55  49  45 156 240
 209 211  56  82 223 238 239 238 235 240 107  38  51  46 155 240
  51  48  49  47  55  56  52  71 198 240 240 240 135  44 190 240

