  55  36 188 240 153  52  55  55  54  57  96 240 230  54  56  54
 100 127 202 240 153  58  73 124 114  50  85 203 192  55  52  54
 225 240 240 240 151  45 106 240 203  55  50  55  56  55  55  50
 191 236 231 204 141  50 116 239 200  91 103  94  79  57  53  93
  63  58  52  55  53  53  54  60 105 240 240 240 222  58  65 238
  53  47  92  74  64  52  51  51  91 240 237 240 220  57  67 238
  56  39 183 240 174  52  50  52  60  74 100 240 219  59  52  69
  79  24 179 240 155  53  46  42  58  73 104 240 219  53  57  69
 217 240 133  66  70  48 135 240 240 240 210 240 240 240 240 213
 230 240 135  52  50  53 147 240 240 240 240 240 240 240 240 240
  61  85 189 234 240 240 194 111 131 240 218 101 112 240 240 240
  58  28 201 240 240 240 183  48 102 240 212  55  61 240 240 240
  56  33 206 240 240 240 178  51 100 240 240 223 211 138 130 240
  58  29 209 240 240 240 176  47 102 240 240 240 225  61  78 240
 185 227 154 134 128 100 172 205 209 240 240 240 233 183 184 240
 232 240 125  55  58  40 159 240 240 240 240 240 240 240 240 240
  41  27 157 240 194  39  39  38  37  40  28 240 240  44  42  35
  81  90 171 240 197  43  47 100 103  40  19 213 224  46  40  40
 182 240 240 240 171  38  70 240 226  43  44  49  50  39  44  38
 163 218 213 220 176  42  75 223 198  79  77  84  94  42  38  69
  50  53  55  54  49  41  47  52  51 240 239 239 240  52  14 229
  47  40  57  73  72  40  47  43  47 240 228 240 240  55  13 230
  47  31 142 238 188  44  48  46  46  65  65 237 240  56  36  61
  59  44 147 240 179  45  44  55  60  55  61 238 240  65  49  49
 186 238 166  79  70  40  57 233 231 234 219 240 237 223 222 216
 190 240 157  53  56  47 100 240 240 240 240 240 240 240 240 240
  73  68 151 226 223 225 212 100  98 240 239 110  78 240 240 240
  48  24 150 240 240 240 216  43  68 240 239  54  26 240 240 240
  51  23 180 240 240 240 201  43  68 240 236 203 202 132 116 240
  52  27 180 240 240 240 196  44  71 240 240 240 240  55  40 240
 196 200 163 130 128 130 146 192 195 240 240 240 240 186 177 240
 227 240 142  49  48  37 119 240 240 240 240 240 240 240 240 240
  40  25 159 240 194  41  40  40  37  40  34 240 240  46  42  38
  72  75 173 240 195  45  36  75  86  40  19 197 220  46  40  38
 182 240 240 240 172  39  71 240 226  43  39  50  49  41  44  37
 147 199 189 217 176  43  64 198 191  67  53  65  94  43  32  48
  45  48  53  55  50  41  38  45  52 235 236 239 240  55  20 215
  45  41  38  67  76  40  48  43  60 226 221 239 240  56  18 212
  47  29 144 238 187  44  48  46  37  55  61 236 240  55  35  54
  50  55 135 240 181  47  37  73  63  44  57 234 240  78  40  37
 190 237 176  85  64  41  58 221 214 221 228 239 240 194 202 212
 191 240 161  57  67  36  98 240 240 240 240 240 240 240 239 234
  72  56 150 221 193 204 200  73  96 240 240 105  71 240 240 237
  48  24 154 240 240 240 217  42  69 240 238  55  25 240 240 240
  49  23 180 240 240 240 202  43  72 240 238 180 190 117 109 240
  50  30 180 240 240 240 197  45  73 240 240 240 240  56  43 240
 202 182 155 115 113 134 144 177 195 240 240 240 240 186 186 240
 226 240 145  47  48  36 119 240 240 240 240 240 240 240 240 240

  54  54  50  93 238 238  69  69 213 240 240 240 240 240 240 240
  56  52  55  53  65  67  52  57 240 240 240 240 130  78 184 240
  54  55  55  57  58  57  59  53 240 240 240 240 138  61 183 240
 230 192  56  79 222 220 219 219 240 240 112  61 211 225 233 240
 240 203  55  94 240 240 240 240 240 240 101  55 223 240 240 240
  96  85  50 103 240 237 100 104 210 240 218 212 240 240 240 240
  57  50  55  91 240 240  74  73 240 240 240 240 240 240 240 240
  54 114 203 200 105  91  60  58 240 240 131 102 100 102 209 240
  55 124 240 239  60  51  52  42 240 240 111  48  51  47 205 240
  55  73 106 116  54  51  50  46 135 147 194 183 178 176 172 159
  52  58  45  50  53  52  52  53  48  53 240 240 240 240 100  40
 153 153 151 141  53  64 174 155  70  50 240 240 240 240 128  58
 240 240 240 204  55  74 240 240  66  52 234 240 240 240 134  55
 188 202 240 231  52  92 183 179 133 135 189 201 206 209 154 125
  36 127 240 236  58  47  39  24 240 240  85  28  33  29 227 240
  55 100 225 191  63  53  56  79 217 230  61  58  56  58 185 232
  35  40  38  69 229 230  61  49 216 240 240 240 240 240 240 240
  42  40  44  38  14  13  36  49 222 240 240 240 116  40 177 240
  44  46  39  42  52  55  56  65 223 240 240 240 132  55 186 240
 240 224  50  94 240 240 240 240 237 240  78  26 202 240 240 240
 240 213  49  84 239 240 237 238 240 240 110  54 203 240 240 240
  28  19  44  77 239 228  65  61 219 240 239 239 236 240 240 240
  40  40  43  79 240 240  65  55 234 240 240 240 240 240 240 240
  37 103 226 198  51  47  46  60 231 240  98  68  68  71 195 240
  38 100 240 223  52  43  46  55 233 240 100  43  43  44 192 240
  39  47  70  75  47  47  48  44  57 100 212 216 201 196 146 119
  39  43  38  42  41  40  44  45  40  47 225 240 240 240 130  37
 194 197 171 176  49  72 188 179  70  56 223 240 240 240 128  48
 240 240 240 220  54  73 238 240  79  53 226 240 240 240 130  49
 157 171 240 213  55  57 142 147 166 157 151 150 180 180 163 142
  27  90 240 218  53  40  31  44 238 240  68  24  23  27 200 240
  41  81 182 163  50  47  47  59 186 190  73  48  51  52 196 227
  38  38  37  48 215 212  54  37 212 234 237 240 240 240 240 240
  42  40  44  32  20  18  35  40 202 239 240 240 109  43 186 240
  46  46  41  43  55  56  55  78 194 240 240 240 117  56 186 240
 240 220  49  94 240 240 240 240 240 240  71  25 190 240 240 240
 240 197  50  65 239 239 236 234 239 240 105  55 180 240 240 240
  34  19  39  53 236 221  61  57 228 240 240 238 238 240 240 240
  40  40  43  67 235 226  55  44 221 240 240 240 240 240 240 240
  37  86 226 191  52  60  37  63 214 240  96  69  72  73 195 240
  40  75 240 198  45  43  46  73 221 240  73  42  43  45 177 240
  40  36  71  64  38  48  48  37  58  98 200 217 202 197 144 119
  41  45  39  43  41  40  44  47  41  36 204 240 240 240 134  36
 194 195 172 176  50  76 187 181  64  67 193 240 240 240 113  48
 240 240 240 217  55  67 238 240  85  57 221 240 240 240 115  47
 159 173 240 189  53  38 144 135 176 161 150 154 180 180 155 145
  25  75 240 199  48  41  29  55 237 240  56  24  23  30 182 240
  40  72 182 147  45  45  47  50 190 191  72  48  49  50 202 226

 240 240 240 240 240 240 240 240 240 159  40  58  55 125 240 232
 240 184 183 233 240 240 240 209 205 172 100 128 134 154 227 185
 240  78  61 225 240 240 240 102  47 176 240 240 240 209  29  58
 240 130 138 211 223 240 240 100  51 178 240 240 240 206  33  56
 240 240 240  61  55 212 240 102  48 183 240 240 240 201  28  58
 240 240 240 112 101 218 240 131 111 194 240 240 234 189  85  61
 240 240 240 240 240 240 240 240 240 147  53  50  52 135 240 230
 213 240 240 240 240 210 240 240 240 135  48  70  66 133 240 217
  69  57  53 219 240 104  73  58  42  46  53 155 240 179  24  79
  69  52  59 219 240 100  74  60  52  50  52 174 240 183  39  56
 238  67  57 220 240 237 240  91  51  51  52  64  74  92  47  53
 238  65  58 222 240 240 240 105  60  54  53  53  55  52  58  63
  93  53  57  79  94 103  91 200 239 116  50 141 204 231 236 191
  50  55  55  56  55  50  55 203 240 106  45 151 240 240 240 225
  54  52  55 192 203  85  50 114 124  73  58 153 240 202 127 100
  54  56  54 230 240  96  57  54  55  55  52 153 240 188  36  55
 240 240 240 240 240 240 240 240 240 119  37  48  49 142 240 227
 240 177 186 240 240 240 240 195 192 146 130 128 130 163 200 196
 240  40  55 240 240 240 240  71  44 196 240 240 240 180  27  52
 240 116 132 202 203 236 240  68  43 201 240 240 240 180  23  51
 240 240 240  26  54 239 240  68  43 216 240 240 240 150  24  48
 240 240 240  78 110 239 240  98 100 212 225 223 226 151  68  73
 240 240 240 240 240 240 240 240 240 100  47  56  53 157 240 190
 216 222 223 237 240 219 234 231 233  57  40  70  79 166 238 186
  49  49  65 240 238  61  55  60  55  44  45 179 240 147  44  59
  61  36  56 240 237  65  65  46  46  48  44 188 238 142  31  47
 230  13  55 240 240 228 240  47  43  47  40  72  73  57  40  47
 229  14  52 240 239 239 240  51  52  47  41  49  54  55  53  50
  69  38  42  94  84  77  79 198 223  75  42 176 220 213 218 163
  38  44  39  50  49  44  43 226 240  70  38 171 240 240 240 182
  40  40  46 224 213  19  40 103 100  47  43 197 240 171  90  81
  35  42  44 240 240  28  40  37  38  39  39 194 240 157  27  41
 240 240 240 240 240 240 240 240 240 119  36  48  47 145 240 226
 240 186 186 240 240 240 240 195 177 144 134 113 115 155 182 202
 240  43  56 240 240 240 240  73  45 197 240 240 240 180  30  50
 240 109 117 190 180 238 240  72  43 202 240 240 240 180  23  49
 240 240 240  25  55 238 240  69  42 217 240 240 240 154  24  48
 237 240 240  71 105 240 240  96  73 200 204 193 221 150  56  72
 234 239 240 240 240 240 240 240 240  98  36  67  57 161 240 191
 212 202 194 240 239 228 221 214 221  58  41  64  85 176 237 190
  37  40  78 240 234  57  44  63  73  37  47 181 240 135  55  50
  54  35  55 240 236  61  55  37  46  48  44 187 238 144  29  47
 212  18  56 240 239 221 226  60  43  48  40  76  67  38  41  45
 215  20  55 240 239 236 235  52  45  38  41  50  55  53  48  45
  48  32  43  94  65  53  67 191 198  64  43 176 217 189 199 147
  37  44  41  49  50  39  43 226 240  71  39 172 240 240 240 182
  38  40  46 220 197  19  40  86  75  36  45 195 240 173  75  72
  38  42  46 240 240  34  40  37  40  40  41 194 240 159  25  40

 232 185  58  56  58  61 230 217  79  56  53  63 191 225 100  55
 240 227  29  33  28  85 240 240  24  39  47  58 236 240 127  36
 125 154 209 206 201 189 135 133 179 183  92  52 231 240 202 188
  55 134 240 240 240 234  52  66 240 240  74  55 204 240 240 240
  58 128 240 240 240 240  50  70 155 174  64  53 141 151 153 153
  40 100 240 240 240 240  53  48  53  52  52  53  50  45  58  52
 159 172 176 178 183 194 147 135  46  50  51  54 116 106  73  55
 240 205  47  51  48 111 240 240  42  52  51  60 239 240 124  55
 240 209 102 100 102 131 240 240  58  60  91 105 200 203 114  54
 240 240 240 240 240 240 240 240  73  74 240 240  91  55  50  57
 240 240 240 240 212 218 240 210 104 100 237 240 103  50  85  96
 240 240 240 223  55 101 240 240 240 240 240 240  94  55 203 240
 240 233 225 211  61 112 240 240 219 219 220 222  79  56 192 230
 240 183  61 138 240 240 240 240  53  59  57  58  57  55  55  54
 240 184  78 130 240 240 240 240  57  52  67  65  53  55  52  56
 240 240 240 240 240 240 240 213  69  69 238 238  93  50  54  54
 227 196  52  51  48  73 190 186  59  47  47  50 163 182  81  41
 240 200  27  23  24  68 240 238  44  31  40  53 218 240  90  27
 142 163 180 180 150 151 157 166 147 142  57  55 213 240 171 157
  49 130 240 240 240 226  53  79 240 238  73  54 220 240 240 240
  48 128 240 240 240 223  56  70 179 188  72  49 176 171 197 194
  37 130 240 240 240 225  47  40  45  44  40  41  42  38  43  39
 119 146 196 201 216 212 100  57  44  48  47  47  75  70  47  39
 240 192  44  43  43 100 240 233  55  46  43  52 223 240 100  38
 240 195  71  68  68  98 240 231  60  46  47  51 198 226 103  37
 240 240 240 240 240 240 240 234  55  65 240 240  79  43  40  40
 240 240 240 236 239 239 240 219  61  65 228 239  77  44  19  28
 240 240 240 203  54 110 240 240 238 237 240 239  84  49 213 240
 240 240 240 202  26  78 240 237 240 240 240 240  94  50 224 240
 240 186  55 132 240 240 240 223  65  56  55  52  42  39  46  44
 240 177  40 116 240 240 240 222  49  36  13  14  38  44  40  42
 240 240 240 240 240 240 240 216  49  61 230 229  69  38  40  35
 226 202  50  49  48  72 191 190  50  47  45  45 147 182  72  40
 240 182  30  23  24  56 240 237  55  29  41  48 199 240  75  25
 145 155 180 180 154 150 161 176 135 144  38  53 189 240 173 159
  47 115 240 240 240 221  57  85 240 238  67  55 217 240 240 240
  48 113 240 240 240 193  67  64 181 187  76  50 176 172 195 194
  36 134 240 240 240 204  36  41  47  44  40  41  43  39  45  41
 119 144 197 202 217 200  98  58  37  48  48  38  64  71  36  40
 240 177  45  43  42  73 240 221  73  46  43  45 198 240  75  40
 240 195  73  72  69  96 240 214  63  37  60  52 191 226  86  37
 240 240 240 240 240 240 240 221  44  55 226 235  67  43  40  40
 240 240 240 238 238 240 240 228  57  61 221 236  53  39  19  34
 240 240 240 180  55 105 240 239 234 236 239 239  65  50 197 240
 240 240 240 190  25  71 240 240 240 240 240 240  94  49 220 240
 240 186  56 117 240 240 240 194  78  55  56  55  43  41  46  46
 240 186  43 109 240 240 239 202  40  35  18  20  32  44  40  42
 240 240 240 240 240 237 234 212  37  54 212 215  48  37  38  38

