  63  63 228 240 240 240 240 240 240 240 240 240 240 240 198  62
  62  54 193 202 193 183 223 240 240 240 225 186 210 240 208  64
  64  62  61  63  62  45 199 240 240 240 195  67 144 240 227  64
  65  62  65  49  82  96 211 240 240 240 185  61 117 225 207  59
  64  63  61  39 198 240 240 240 240 240 194  66  64  67  67  63
  90 109  74  53 200 204 199 219 240 238 179  61  60  65  58  91
 236 240 106  56  54  62  74  71  64  63  68  61  62  61 102 240
 235 227  99  54  61  91  96  98  70  75  98 105  90  62  96 235
  62  68  63  35 205 240 240 240 240 240 240 240 197  64  53  70
  47  84 104  74 200 240 240 218 240 240 240 240 186  52  59  95
 240 240 239 240 133  68  84 107  82  58 143 240 240 240 240 234
 237 240 240 240 115  56  87 101  57  43 154 240 240 240 240 240
  94  72  89  89 217 240 240 211 235 240 238 240 240 240 226 106
  58  47  67  51 222 240 240 240 240 240 240 240 240 240 220  76
 213 240 240 201 155 101 104 124 112 103 106 116 153 240 240 196
 239 240 240 240 122  62  63  63  62  62  59  57 137 240 240 240
  46  15 182 240 240 240 240 240 240 240 240 240 240 240 225  51
  46  23 183 202 194 191 206 240 240 240 234 198 190 240 221  57
  45  47  48  51  48  29 121 240 240 240 221  50  71 240 238  50
  48  43  46  31  84 104 183 240 240 240 202  50  71 210 210  54
  43  43  46  21 163 240 240 240 240 240 215  49  46  56  56  46
  85  99  69  23 149 227 219 224 224 217 210  45  45  47  49  80
 238 240 129  43  51  57  57  59  61  57  58  47  47  43  61 240
 220 238 120  39  62  76  75  85  83  82  71  81  86  46  47 236
  63  66  55  23 170 240 240 240 240 240 240 240 240  52  42  66
  67  65  69  45 175 239 237 233 240 239 236 240 220  71  67  62
 236 239 238 239 168  80  78  77  74  78  89 240 240 235 235 237
 239 240 240 239 152  56  59  62  54  49 108 240 240 240 240 240
  85  93  91  62 180 228 234 222 234 223 232 240 240 240 237 106
  47  50  48  27 178 240 240 240 240 240 240 240 240 240 233  59
 221 214 226 212 163 107 111 114 114 113 112 111 127 240 240 213
 239 240 240 240 149  48  47  44  46  46  46  37  91 240 240 240
  45  16 186 240 240 240 240 240 240 240 240 240 240 240 225  56
  48  21 152 159 165 202 212 240 240 240 230 205 198 240 224  58
  43  40  50  51  44  28 121 240 240 240 224  49  69 240 239  49
  43  42  46  31  97 115 179 240 240 240 197  50  55 195 193  56
  47  44  42  20 161 240 240 240 240 240 216  51  41  53  55  47
  98  91  69  26 127 224 223 209 199 198 210  48  42  42  38  84
 235 234 132  40  54  56  52  49  55  62  52  45  46  39  60 240
 197 238 124  38  72  79  62  76  88 100  57  57  78  43  38 239
  63  59  50  22 165 240 240 240 240 238 240 240 237  53  40  64
  91  56  41  38 157 216 240 240 228 214 233 240 224  97  84  44
 228 237 238 235 170  81  67  54  63  86  96 240 240 230 229 236
 231 230 240 240 166  73  43  36  59  68 113 240 240 240 240 240
  70 101  79  39 175 212 228 239 238 205 228 240 240 240 240  94
  50  61  42  19 176 239 240 240 240 240 240 240 240 240 236  52
 229 188 205 234 148 113 101  86  87 112 104  80 121 240 234 227
 238 240 240 240 151  49  49  43  42  42  46  34  91 240 240 240

  62  64  64  59  63  91 240 235  70  95 234 240 106  76 196 240
 198 208 227 207  67  58 102  96  53  59 240 240 226 220 240 240
 240 240 240 225  67  65  61  62  64  52 240 240 240 240 240 240
 240 210 144 117  64  60  62  90 197 186 240 240 240 240 153 137
 240 186  67  61  66  61  61 105 240 240 240 240 240 240 116  57
 240 225 195 185 194 179  68  98 240 240 143 154 238 240 106  59
 240 240 240 240 240 238  63  75 240 240  58  43 240 240 103  62
 240 240 240 240 240 240  64  70 240 240  82  57 235 240 112  62
 240 240 240 240 240 219  71  98 240 218 107 101 211 240 124  63
 240 223 199 211 240 199  74  96 240 240  84  87 240 240 104  63
 240 183  45  96 240 204  62  91 240 240  68  56 240 240 101  62
 240 193  62  82 198 200  54  61 205 200 133 115 217 222 155 122
 240 202  63  49  39  53  56  54  35  74 240 240  89  51 201 240
 228 193  61  65  61  74 106  99  63 104 239 240  89  67 240 240
  63  54  62  62  63 109 240 227  68  84 240 240  72  47 240 240
  63  62  64  65  64  90 236 235  62  47 240 237  94  58 213 239
  51  57  50  54  46  80 240 236  66  62 237 240 106  59 213 240
 225 221 238 210  56  49  61  47  42  67 235 240 237 233 240 240
 240 240 240 210  56  47  43  46  52  71 235 240 240 240 240 240
 240 190  71  71  46  45  47  86 240 220 240 240 240 240 127  91
 240 198  50  50  49  45  47  81 240 240 240 240 240 240 111  37
 240 234 221 202 215 210  58  71 240 236  89 108 232 240 112  46
 240 240 240 240 240 217  57  82 240 239  78  49 223 240 113  46
 240 240 240 240 240 224  61  83 240 240  74  54 234 240 114  46
 240 240 240 240 240 224  59  85 240 233  77  62 222 240 114  44
 240 206 121 183 240 219  57  75 240 237  78  59 234 240 111  47
 240 191  29 104 240 227  57  76 240 239  80  56 228 240 107  48
 240 194  48  84 163 149  51  62 170 175 168 152 180 178 163 149
 240 202  51  31  21  23  43  39  23  45 239 239  62  27 212 240
 182 183  48  46  46  69 129 120  55  69 238 240  91  48 226 240
  15  23  47  43  43  99 240 238  66  65 239 240  93  50 214 240
  46  46  45  48  43  85 238 220  63  67 236 239  85  47 221 239
  56  58  49  56  47  84 240 239  64  44 236 240  94  52 227 240
 225 224 239 193  55  38  60  38  40  84 229 240 240 236 234 240
 240 240 240 195  53  42  39  43  53  97 230 240 240 240 240 240
 240 198  69  55  41  42  46  78 237 224 240 240 240 240 121  91
 240 205  49  50  51  48  45  57 240 240 240 240 240 240  80  34
 240 230 224 197 216 210  52  57 240 233  96 113 228 240 104  46
 240 240 240 240 240 198  62 100 238 214  86  68 205 240 112  42
 240 240 240 240 240 199  55  88 240 228  63  59 238 240  87  42
 240 240 240 240 240 209  49  76 240 240  54  36 239 240  86  43
 240 212 121 179 240 223  52  62 240 240  67  43 228 240 101  49
 240 202  28 115 240 224  56  79 240 216  81  73 212 239 113  49
 240 165  44  97 161 127  54  72 165 157 170 166 175 176 148 151
 240 159  51  31  20  26  40  38  22  38 235 240  39  19 234 240
 186 152  50  46  42  69 132 124  50  41 238 240  79  42 205 240
  16  21  40  42  44  91 234 238  59  56 237 230 101  61 188 240
  45  48  43  43  47  98 235 197  63  91 228 231  70  50 229 238

 240 240 240 137  57  59  62  62  63  63  62 122 240 240 240 239
 196 240 240 153 116 106 103 112 124 104 101 155 201 240 240 213
  76 220 240 240 240 240 240 240 240 240 240 222  51  67  47  58
 106 226 240 240 240 238 240 235 211 240 240 217  89  89  72  94
 240 240 240 240 240 154  43  57 101  87  56 115 240 240 240 237
 234 240 240 240 240 143  58  82 107  84  68 133 240 239 240 240
  95  59  52 186 240 240 240 240 218 240 240 200  74 104  84  47
  70  53  64 197 240 240 240 240 240 240 240 205  35  63  68  62
 235  96  62  90 105  98  75  70  98  96  91  61  54  99 227 235
 240 102  61  62  61  68  63  64  71  74  62  54  56 106 240 236
  91  58  65  60  61 179 238 240 219 199 204 200  53  74 109  90
  63  67  67  64  66 194 240 240 240 240 240 198  39  61  63  64
  59 207 225 117  61 185 240 240 240 211  96  82  49  65  62  65
  64 227 240 144  67 195 240 240 240 199  45  62  63  61  62  64
  64 208 240 210 186 225 240 240 240 223 183 193 202 193  54  62
  62 198 240 240 240 240 240 240 240 240 240 240 240 228  63  63
 240 240 240  91  37  46  46  46  44  47  48 149 240 240 240 239
 213 240 240 127 111 112 113 114 114 111 107 163 212 226 214 221
  59 233 240 240 240 240 240 240 240 240 240 178  27  48  50  47
 106 237 240 240 240 232 223 234 222 234 228 180  62  91  93  85
 240 240 240 240 240 108  49  54  62  59  56 152 239 240 240 239
 237 235 235 240 240  89  78  74  77  78  80 168 239 238 239 236
  62  67  71 220 240 236 239 240 233 237 239 175  45  69  65  67
  66  42  52 240 240 240 240 240 240 240 240 170  23  55  66  63
 236  47  46  86  81  71  82  83  85  75  76  62  39 120 238 220
 240  61  43  47  47  58  57  61  59  57  57  51  43 129 240 238
  80  49  47  45  45 210 217 224 224 219 227 149  23  69  99  85
  46  56  56  46  49 215 240 240 240 240 240 163  21  46  43  43
  54 210 210  71  50 202 240 240 240 183 104  84  31  46  43  48
  50 238 240  71  50 221 240 240 240 121  29  48  51  48  47  45
  57 221 240 190 198 234 240 240 240 206 191 194 202 183  23  46
  51 225 240 240 240 240 240 240 240 240 240 240 240 182  15  46
 240 240 240  91  34  46  42  42  43  49  49 151 240 240 240 238
 227 234 240 121  80 104 112  87  86 101 113 148 234 205 188 229
  52 236 240 240 240 240 240 240 240 240 239 176  19  42  61  50
  94 240 240 240 240 228 205 238 239 228 212 175  39  79 101  70
 240 240 240 240 240 113  68  59  36  43  73 166 240 240 230 231
 236 229 230 240 240  96  86  63  54  67  81 170 235 238 237 228
  44  84  97 224 240 233 214 228 240 240 216 157  38  41  56  91
  64  40  53 237 240 240 238 240 240 240 240 165  22  50  59  63
 239  38  43  78  57  57 100  88  76  62  79  72  38 124 238 197
 240  60  39  46  45  52  62  55  49  52  56  54  40 132 234 235
  84  38  42  42  48 210 198 199 209 223 224 127  26  69  91  98
  47  55  53  41  51 216 240 240 240 240 240 161  20  42  44  47
  56 193 195  55  50 197 240 240 240 179 115  97  31  46  42  43
  49 239 240  69  49 224 240 240 240 121  28  44  51  50  40  43
  58 224 240 198 205 230 240 240 240 212 202 165 159 152  21  48
  56 225 240 240 240 240 240 240 240 240 240 240 240 186  16  45

 239 213  58  94 237 240  47  62 235 236  90  64  65  64  62  63
 240 240  47  72 240 240  84  68 227 240 109  63  62  62  54  63
 240 240  67  89 240 239 104  63  99 106  74  61  65  61 193 228
 240 201  51  89 240 240  74  35  54  56  53  39  49  63 202 240
 122 155 222 217 115 133 200 205  61  54 200 198  82  62 193 240
  62 101 240 240  56  68 240 240  91  62 204 240  96  45 183 240
  63 104 240 240  87  84 240 240  96  74 199 240 211 199 223 240
  63 124 240 211 101 107 218 240  98  71 219 240 240 240 240 240
  62 112 240 235  57  82 240 240  70  64 240 240 240 240 240 240
  62 103 240 240  43  58 240 240  75  63 238 240 240 240 240 240
  59 106 240 238 154 143 240 240  98  68 179 194 185 195 225 240
  57 116 240 240 240 240 240 240 105  61  61  66  61  67 186 240
 137 153 240 240 240 240 186 197  90  62  60  64 117 144 210 240
 240 240 240 240 240 240  52  64  62  61  65  67 225 240 240 240
 240 240 220 226 240 240  59  53  96 102  58  67 207 227 208 198
 240 196  76 106 240 234  95  70 235 240  91  63  59  64  64  62
 239 221  47  85 239 236  67  63 220 238  85  43  48  45  46  46
 240 214  50  93 240 239  65  66 238 240  99  43  43  47  23  15
 240 226  48  91 240 238  69  55 120 129  69  46  46  48 183 182
 240 212  27  62 239 239  45  23  39  43  23  21  31  51 202 240
 149 163 178 180 152 168 175 170  62  51 149 163  84  48 194 240
  48 107 240 228  56  80 239 240  76  57 227 240 104  29 191 240
  47 111 240 234  59  78 237 240  75  57 219 240 183 121 206 240
  44 114 240 222  62  77 233 240  85  59 224 240 240 240 240 240
  46 114 240 234  54  74 240 240  83  61 224 240 240 240 240 240
  46 113 240 223  49  78 239 240  82  57 217 240 240 240 240 240
  46 112 240 232 108  89 236 240  71  58 210 215 202 221 234 240
  37 111 240 240 240 240 240 240  81  47  45  49  50  50 198 240
  91 127 240 240 240 240 220 240  86  47  45  46  71  71 190 240
 240 240 240 240 240 235  71  52  46  43  47  56 210 240 240 240
 240 240 233 237 240 235  67  42  47  61  49  56 210 238 221 225
 240 213  59 106 240 237  62  66 236 240  80  46  54  50  57  51
 238 229  50  70 231 228  91  63 197 235  98  47  43  43  48  45
 240 188  61 101 230 237  56  59 238 234  91  44  42  40  21  16
 240 205  42  79 240 238  41  50 124 132  69  42  46  50 152 186
 240 234  19  39 240 235  38  22  38  40  26  20  31  51 159 240
 151 148 176 175 166 170 157 165  72  54 127 161  97  44 165 240
  49 113 239 212  73  81 216 240  79  56 224 240 115  28 202 240
  49 101 240 228  43  67 240 240  62  52 223 240 179 121 212 240
  43  86 240 239  36  54 240 240  76  49 209 240 240 240 240 240
  42  87 240 238  59  63 228 240  88  55 199 240 240 240 240 240
  42 112 240 205  68  86 214 238 100  62 198 240 240 240 240 240
  46 104 240 228 113  96 233 240  57  52 210 216 197 224 230 240
  34  80 240 240 240 240 240 240  57  45  48  51  50  49 205 240
  91 121 240 240 240 240 224 237  78  46  42  41  55  69 198 240
 240 240 240 240 240 230  97  53  43  39  42  53 195 240 240 240
 240 234 236 240 240 229  84  40  38  60  38  55 193 239 224 225
 240 227  52  94 240 236  44  64 239 240  84  47  56  49  58  56

