 240 211  57  56  55  51  48  44 237 233  88  40 224 240 240 240
 146 152  62  52  51  52 187 172 240 234 180 177 231 240 240 240
  53  54  57  50  50  54 240 240 240 240 240 240 240 240 240 240
 134 145 171 161  56  68 149 145 239 240 240 240 176 154 223 240
 240 240 240 220  57  58  51  42 234 240 240 238 105  35 208 240
 240 225 162 166  55  49  50  40 150 156 238 240 109  36 133 179
 240 213  64  55  56  55  50  49  52  43 225 240 102  51  53  52
 240 203  62  56  51  66  99 101 116 132 236 240  97  49  53  52
 240 208  57  49  55  73 240 240 240 240 240 240 102  50  49  49
 235 181  87  87 113 119 220 218 237 240 197 208 103  51  50  50
  60 101 240 240 240 230  73  44 236 240 102  64  51  53  53  55
 110 123 239 240 210 208 110  76 240 232 123 106  88  98  64  53
 240 209  63  55  53  74 240 240 240 240 240 240 240 240 115  50
 220 197  57  56  66  96 213 205 240 240 240 240 212 220 125  50
  93 111 240 240 240 231  91  65 237 240 240 240 132  79  59  54
  57 107 238 240 240 227  69  42 234 240 240 236 103  50  50  53
 240 228  56  47  48  47  48  14 223 240 104  18 188 228 224 233
 158 156  54  48  46  18 156 140 231 239 179 139 212 236 231 234
  47  47  47  48  47   8 234 240 240 240 240 240 240 239 239 238
 134 139 146 159  52  41 158 136 235 240 240 240 190 146 199 240
 240 240 240 226  62  48  46  15 226 240 240 240 114  27 152 240
 240 231 186 185  51  47  46  22 163 151 224 240 127  33 124 184
 240 221  57  48  47  48  48  46  48  16 196 240 131  46  48  48
 240 209  52  48  47  37 109 116 120  87 227 240 112  46  48  48
 240 221  53  48  47  36 227 239 240 240 240 240 116  48  48  46
 220 185 102  93  97  85 207 190 237 239 214 213 110  48  47  48
  56  72 240 240 239 240  72  15 229 240 114  52  46  48  48  45
  89  83 225 219 228 212 102  50 230 238 127  82  78  90  64  47
 240 211  67  61  56  36 235 240 240 240 240 238 237 240 132  48
 233 217  70  72  71  55 221 220 240 240 240 240 231 232 137  48
  74  75 239 235 237 240  84  27 238 240 240 240 133  67  56  46
  47  81 239 240 240 240  67  13 234 240 240 240 112  47  48  45
 240 225  57  48  48  47  48  14 215 236 104  22 186 224 223 229
 157 146  53  48  46  23 139 139 229 235 172 125 204 225 224 227
  46  48  47  48  48   8 234 239 234 238 234 231 230 232 227 229
 150 138 124 152  53  38 145 140 230 236 240 238 194 149 196 233
 234 230 227 227  65  48  47  15 218 239 239 239 117  27 155 238
 235 226 179 186  51  47  47  19 163 151 222 240 127  32 127 166
 236 220  54  48  48  48  48  47  48  16 195 240 134  47  48  48
 239 213  54  47  46  36 123 131 126  81 226 239 112  48  48  48
 240 229  53  48  48  38 220 237 238 237 240 239 116  48  48  47
 197 187 124 106  91  77 191 180 236 238 217 208 110  48  47  47
  52  70 236 236 236 240  69  11 228 238 110  48  48  48  48  46
  68  92 198 198 233 222  87  54 230 239 126  66  77  87  64  47
 240 223  66  64  56  36 235 239 240 240 237 237 235 236 134  48
 239 227  85  90  81  48 232 233 240 240 240 240 240 235 137  49
  55  72 239 227 229 236  67  21 235 240 240 240 120  58  55  46
  49  78 239 233 227 232  67  11 232 234 227 235 115  47  46  44

 240 240 240 240 240 179  52  52  49  50  55  53  50  50  54  53
 240 240 240 223 208 133  53  53  49  50  53  64 115 125  59  50
 240 240 240 154  35  36  51  49  50  51  53  98 240 220  79  50
 224 231 240 176 105 109 102  97 102 103  51  88 240 212 132 103
  40 177 240 240 238 240 240 240 240 208  64 106 240 240 240 236
  88 180 240 240 240 238 225 236 240 197 102 123 240 240 240 240
 233 234 240 240 240 156  43 132 240 240 240 232 240 240 240 240
 237 240 240 239 234 150  52 116 240 237 236 240 240 240 237 234
  44 172 240 145  42  40  49 101 240 218  44  76 240 205  65  42
  48 187 240 149  51  50  50  99 240 220  73 110 240 213  91  69
  51  52  54  68  58  49  55  66  73 119 230 208  74  96 231 227
  55  51  50  56  57  55  56  51  55 113 240 210  53  66 240 240
  56  52  50 161 220 166  55  56  49  87 240 240  55  56 240 240
  57  62  57 171 240 162  64  62  57  87 240 239  63  57 240 238
 211 152  54 145 240 225 213 203 208 181 101 123 209 197 111 107
 240 146  53 134 240 240 240 240 240 235  60 110 240 220  93  57
 233 234 238 240 240 184  48  48  46  48  45  47  48  48  46  45
 224 231 239 199 152 124  48  48  48  47  48  64 132 137  56  48
 228 236 239 146  27  33  46  46  48  48  48  90 240 232  67  47
 188 212 240 190 114 127 131 112 116 110  46  78 237 231 133 112
  18 139 240 240 240 240 240 240 240 213  52  82 238 240 240 240
 104 179 240 240 240 224 196 227 240 214 114 127 240 240 240 240
 240 239 240 240 240 151  16  87 240 239 240 238 240 240 240 240
 223 231 240 235 226 163  48 120 240 237 229 230 240 240 238 234
  14 140 240 136  15  22  46 116 239 190  15  50 240 220  27  13
  48 156 234 158  46  46  48 109 227 207  72 102 235 221  84  67
  47  18   8  41  48  47  48  37  36  85 240 212  36  55 240 240
  48  46  47  52  62  51  47  47  47  97 239 228  56  71 237 240
  47  48  48 159 226 185  48  48  48  93 240 219  61  72 235 240
  56  54  47 146 240 186  57  52  53 102 240 225  67  70 239 239
 228 156  47 139 240 231 221 209 221 185  72  83 211 217  75  81
 240 158  47 134 240 240 240 240 240 220  56  89 240 233  74  47
 229 227 229 233 238 166  48  48  47  47  46  47  48  49  46  44
 223 224 227 196 155 127  48  48  48  47  48  64 134 137  55  46
 224 225 232 149  27  32  47  48  48  48  48  87 236 235  58  47
 186 204 230 194 117 127 134 112 116 110  48  77 235 240 120 115
  22 125 231 238 239 240 240 239 239 208  48  66 237 240 240 235
 104 172 234 240 239 222 195 226 240 217 110 126 237 240 240 227
 236 235 238 236 239 151  16  81 237 238 238 239 240 240 240 234
 215 229 234 230 218 163  48 126 238 236 228 230 240 240 235 232
  14 139 239 140  15  19  47 131 237 180  11  54 239 233  21  11
  48 139 234 145  47  47  48 123 220 191  69  87 235 232  67  67
  47  23   8  38  48  47  48  36  38  77 240 222  36  48 236 232
  48  46  48  53  65  51  48  46  48  91 236 233  56  81 229 227
  48  48  48 152 227 186  48  47  48 106 236 198  64  90 227 233
  57  53  47 124 227 179  54  54  53 124 236 198  66  85 239 239
 225 146  48 138 230 226 220 213 229 187  70  92 223 227  72  78
 240 157  46 150 234 235 236 239 240 197  52  68 240 239  55  49

  53  50  50 103 236 240 240 234  42  69 227 240 240 238 107  57
  54  59  79 132 240 240 240 237  65  91 231 240 240 240 111  93
  50 125 220 212 240 240 240 240 205 213  96  66  56  57 197 220
  50 115 240 240 240 240 240 240 240 240  74  53  55  63 209 240
  53  64  98  88 106 123 232 240  76 110 208 210 240 239 123 110
  55  53  53  51  64 102 240 236  44  73 230 240 240 240 101  60
  50  50  51 103 208 197 240 237 218 220 119 113  87  87 181 235
  49  49  50 102 240 240 240 240 240 240  73  55  49  57 208 240
  52  53  49  97 240 236 132 116 101  99  66  51  56  62 203 240
  52  53  51 102 240 225  43  52  49  50  55  56  55  64 213 240
 179 133  36 109 240 238 156 150  40  50  49  55 166 162 225 240
 240 208  35 105 238 240 240 234  42  51  58  57 220 240 240 240
 240 223 154 176 240 240 240 239 145 149  68  56 161 171 145 134
 240 240 240 240 240 240 240 240 240 240  54  50  50  57  54  53
 240 240 240 231 177 180 234 240 172 187  52  51  52  62 152 146
 240 240 240 224  40  88 233 237  44  48  51  55  56  57 211 240
  45  48  47 112 240 240 240 234  13  67 240 240 240 239  81  47
  46  56  67 133 240 240 240 238  27  84 240 237 235 239  75  74
  48 137 232 231 240 240 240 240 220 221  55  71  72  70 217 233
  48 132 240 237 238 240 240 240 240 235  36  56  61  67 211 240
  47  64  90  78  82 127 238 230  50 102 212 228 219 225  83  89
  45  48  48  46  52 114 240 229  15  72 240 239 240 240  72  56
  48  47  48 110 213 214 239 237 190 207  85  97  93 102 185 220
  46  48  48 116 240 240 240 240 239 227  36  47  48  53 221 240
  48  48  46 112 240 227  87 120 116 109  37  47  48  52 209 240
  48  48  46 131 240 196  16  48  46  48  48  47  48  57 221 240
 184 124  33 127 240 224 151 163  22  46  47  51 185 186 231 240
 240 152  27 114 240 240 240 226  15  46  48  62 226 240 240 240
 240 199 146 190 240 240 240 235 136 158  41  52 159 146 139 134
 238 239 239 240 240 240 240 240 240 234   8  47  48  47  47  47
 234 231 236 212 139 179 239 231 140 156  18  46  48  54 156 158
 233 224 228 188  18 104 240 223  14  48  47  48  47  56 228 240
  44  46  47 115 235 227 234 232  11  67 232 227 233 239  78  49
  46  55  58 120 240 240 240 235  21  67 236 229 227 239  72  55
  49 137 235 240 240 240 240 240 233 232  48  81  90  85 227 239
  48 134 236 235 237 237 240 240 239 235  36  56  64  66 223 240
  47  64  87  77  66 126 239 230  54  87 222 233 198 198  92  68
  46  48  48  48  48 110 238 228  11  69 240 236 236 236  70  52
  47  47  48 110 208 217 238 236 180 191  77  91 106 124 187 197
  47  48  48 116 239 240 237 238 237 220  38  48  48  53 229 240
  48  48  48 112 239 226  81 126 131 123  36  46  47  54 213 239
  48  48  47 134 240 195  16  48  47  48  48  48  48  54 220 236
 166 127  32 127 240 222 151 163  19  47  47  51 186 179 226 235
 238 155  27 117 239 239 239 218  15  47  48  65 227 227 230 234
 233 196 149 194 238 240 236 230 140 145  38  53 152 124 138 150
 229 227 232 230 231 234 238 234 239 234   8  48  48  47  48  46
 227 224 225 204 125 172 235 229 139 139  23  46  48  53 146 157
 229 223 224 186  22 104 236 215  14  48  47  48  48  57 225 240

  57  93 220 240 110  60 235 240 240 240 240 240 134  53 146 240
 107 111 197 209 123 101 181 208 203 213 225 240 145  54 152 211
 238 240  57  63 239 240  87  57  62  64 162 240 171  57  62  57
 240 240  56  55 240 240  87  49  56  55 166 220 161  50  52  56
 240 240  66  53 210 240 113  55  51  56  55  57  56  50  51  55
 227 231  96  74 208 230 119  73  66  55  49  58  68  54  52  51
  69  91 213 240 110  73 220 240  99  50  50  51 149 240 187  48
  42  65 205 240  76  44 218 240 101  49  40  42 145 240 172  44
 234 237 240 240 240 236 237 240 116  52 150 234 239 240 240 237
 240 240 240 240 232 240 240 240 132  43 156 240 240 240 234 233
 240 240 240 240 123 102 197 240 236 225 238 240 240 240 180  88
 236 240 240 240 106  64 208 240 240 240 240 238 240 240 177  40
 103 132 212 240  88  51 103 102  97 102 109 105 176 240 231 224
  50  79 220 240  98  53  51  50  49  51  36  35 154 240 240 240
  50  59 125 115  64  53  50  49  53  53 133 208 223 240 240 240
  53  54  50  50  53  55  50  49  52  52 179 240 240 240 240 240
  47  74 233 240  89  56 220 240 240 240 240 240 134  47 158 240
  81  75 217 211  83  72 185 221 209 221 231 240 139  47 156 228
 239 239  70  67 225 240 102  53  52  57 186 240 146  47  54  56
 240 235  72  61 219 240  93  48  48  48 185 226 159  48  48  47
 240 237  71  56 228 239  97  47  47  47  51  62  52  47  46  48
 240 240  55  36 212 240  85  36  37  48  47  48  41   8  18  47
  67  84 221 235 102  72 207 227 109  48  46  46 158 234 156  48
  13  27 220 240  50  15 190 239 116  46  22  15 136 240 140  14
 234 238 240 240 230 229 237 240 120  48 163 226 235 240 231 223
 240 240 240 240 238 240 239 240  87  16 151 240 240 240 239 240
 240 240 240 240 127 114 214 240 227 196 224 240 240 240 179 104
 240 240 240 238  82  52 213 240 240 240 240 240 240 240 139  18
 112 133 231 237  78  46 110 116 112 131 127 114 190 240 212 188
  47  67 232 240  90  48  48  48  46  46  33  27 146 239 236 228
  48  56 137 132  64  48  47  48  48  48 124 152 199 239 231 224
  45  46  48  48  47  45  48  46  48  48 184 240 240 238 234 233
  49  55 239 240  68  52 197 240 239 236 235 234 150  46 157 240
  78  72 227 223  92  70 187 229 213 220 226 230 138  48 146 225
 239 239  85  66 198 236 124  53  54  54 179 227 124  47  53  57
 233 227  90  64 198 236 106  48  47  48 186 227 152  48  48  48
 227 229  81  56 233 236  91  48  46  48  51  65  53  48  46  48
 232 236  48  36 222 240  77  38  36  48  47  48  38   8  23  47
  67  67 232 235  87  69 191 220 123  48  47  47 145 234 139  48
  11  21 233 239  54  11 180 237 131  47  19  15 140 239 139  14
 232 235 240 240 230 228 236 238 126  48 163 218 230 234 229 215
 234 240 240 240 239 238 238 237  81  16 151 239 236 238 235 236
 227 240 240 237 126 110 217 240 226 195 222 239 240 234 172 104
 235 240 240 237  66  48 208 239 239 240 240 239 238 231 125  22
 115 120 240 235  77  48 110 116 112 134 127 117 194 230 204 186
  47  58 235 236  87  48  48  48  48  47  32  27 149 232 225 224
  46  55 137 134  64  48  47  48  48  48 127 155 196 227 224 223
  44  46  49  48  47  46  47  47  48  48 166 238 233 229 227 229

