  51  53  51  34 225 240 102  48  49  31 173 240 144  47  48  48
 126 151  61  31 224 240 168 153 159 110 203 240 180 127 136 134
 240 240  77  38 238 240 240 240 240 240 240 240 240 240 240 240
 190 199 111  87 235 240 187 165 177 164 205 201 217 240 217 175
  51  49 240 240 240 240 111  50  52  50  53  36 186 240 155  54
  52  66 224 211 236 240 106  48  49  41 107 100 181 213 132  48
  55  53  54  42 236 240 110  48  49  32 193 240 138  48  49  48
  84  81  53  47 233 222 120  89 102  93 191 237 140  45  55  86
 240 231  68  48  51  28 211 240 240 240 144  57  53  39 139 240
 240 232  74  51  55  25 229 240 240 240 159 101  57  42 160 240
 240 235  80  54  54  26 223 240 240 240 237 239 140  44 157 240
 240 237  63  51  49  42 216 240 240 240 236 226 170  62 167 240
 240 240  68  52  53  44 209 240 240 240 134  78 185 232 239 240
 240 235  76  56  55  48 225 240 240 240 126  37 187 240 239 240
 240 235  83  62  59  52 224 240 240 240 145  57  70 104 180 240
 240 232  79  64  63  51 221 240 240 240 148  63  60  43 171 240
  48  48  46  16 197 235 117  38  41  23 128 228 159  41  39  38
 125 150  62  17 195 234 165 128 133 106 175 228 194 121 116 123
 227 238  84  20 201 234 228 226 226 226 225 228 226 225 226 227
 173 177 126  93 205 231 200 174 175 168 185 177 176 229 212 185
  49  15 220 230 230 232 122  46  46  43  46  31 128 232 188  51
  48  36 187 180 211 231 129  44  42  35  74  91 132 189 157  41
  48  45  53  23 211 232 141  46  37  25 139 231 157  45  47  40
  82  91  50  22 182 214 124  83  78  74 155 214 151  36  50  73
 229 238  72  45  53  26 171 230 225 234 155  53  49  32  95 224
 232 239  73  46  48  17 183 237 232 238 166  81  64  36  99 226
 240 240  83  46  47  21 179 239 235 231 234 229 159  36  97 233
 238 240  68  48  47  20 176 240 240 238 232 232 170  50 102 234
 240 240  73  48  48  16 175 240 240 240 157  58 140 226 231 240
 240 236  80  48  48  20 204 240 240 240 143  33 135 237 237 240
 240 236  90  49  49  21 211 240 240 240 155  43  65  85 134 240
 240 238  74  57  54  19 212 240 240 240 152  49  50  34 123 240
  48  48  47  14 194 228 118  40  45  26 121 215 157  45  41  39
 127 138  62  18 189 226 153 111 117 113 170 215 193 126 109 115
 214 230  86  20 193 222 220 215 212 213 213 216 210 214 208 211
 156 158 146 103 195 218 198 181 179 169 150 143 171 220 204 182
  50  14 209 215 213 223 124  47  46  47  48  30 125 227 188  47
  48  28 158 158 201 226 130  47  42  37  61  84 116 158 156  42
  48  43  52  22 196 230 143  47  42  27 133 222 155  51  48  40
  76  94  50  21 150 202 125  79  62  57 140 182 143  42  54  69
 219 225  72  48  56  26 161 220 219 227 152  50  49  34  88 203
 222 228  74  47  48  20 182 221 222 226 144  58  66  37  93 209
 224 236  84  46  47  23 174 224 223 224 225 223 161  39  94 217
 229 237  70  48  47  20 169 226 224 225 221 224 151  42 100 222
 229 237  76  48  48  19 165 228 228 230 158  42 128 218 217 223
 232 240  85  49  50  19 199 235 233 237 146  33 132 224 221 227
 239 240  97  49  49  21 208 240 240 238 159  43  58  52 128 228
 240 234  81  57  53  20 211 240 240 240 154  52  50  32 124 236

  48 134 240 175  54  48  48  86 240 240 240 240 240 240 240 240
  48 136 240 217 155 132  49  55 139 160 157 167 239 239 180 171
  47 127 240 240 240 213  48  45  39  42  44  62 232 240 104  43
 144 180 240 217 186 181 138 140  53  57 140 170 185 187  70  60
 240 240 240 201  36 100 240 237  57 101 239 226  78  37  57  63
 173 203 240 205  53 107 193 191 144 159 237 236 134 126 145 148
  31 110 240 164  50  41  32  93 240 240 240 240 240 240 240 240
  49 159 240 177  52  49  49 102 240 240 240 240 240 240 240 240
  48 153 240 165  50  48  48  89 240 240 240 240 240 240 240 240
 102 168 240 187 111 106 110 120 211 229 223 216 209 225 224 221
 240 240 240 240 240 240 240 222  28  25  26  42  44  48  52  51
 225 224 238 235 240 236 236 233  51  55  54  49  53  55  59  63
  34  31  38  87 240 211  42  47  48  51  54  51  52  56  62  64
  51  61  77 111 240 224  54  53  68  74  80  63  68  76  83  79
  53 151 240 199  49  66  53  81 231 232 235 237 240 235 235 232
  51 126 240 190  51  52  55  84 240 240 240 240 240 240 240 240
  38 123 227 185  51  41  40  73 224 226 233 234 240 240 240 240
  39 116 226 212 188 157  47  50  95  99  97 102 231 237 134 123
  41 121 225 229 232 189  45  36  32  36  36  50 226 237  85  34
 159 194 226 176 128 132 157 151  49  64 159 170 140 135  65  50
 228 228 228 177  31  91 231 214  53  81 229 232  58  33  43  49
 128 175 225 185  46  74 139 155 155 166 234 232 157 143 155 152
  23 106 226 168  43  35  25  74 234 238 231 238 240 240 240 240
  41 133 226 175  46  42  37  78 225 232 235 240 240 240 240 240
  38 128 226 174  46  44  46  83 230 237 239 240 240 240 240 240
 117 165 228 200 122 129 141 124 171 183 179 176 175 204 211 212
 235 234 234 231 232 231 232 214  26  17  21  20  16  20  21  19
 197 195 201 205 230 211 211 182  53  48  47  47  48  48  49  54
  16  17  20  93 230 180  23  22  45  46  46  48  48  48  49  57
  46  62  84 126 220 187  53  50  72  73  83  68  73  80  90  74
  48 150 238 177  15  36  45  91 238 239 240 240 240 236 236 238
  48 125 227 173  49  48  48  82 229 232 240 238 240 240 240 240
  39 115 211 182  47  42  40  69 203 209 217 222 223 227 228 236
  41 109 208 204 188 156  48  54  88  93  94 100 217 221 128 124
  45 126 214 220 227 158  51  42  34  37  39  42 218 224  52  32
 157 193 210 171 125 116 155 143  49  66 161 151 128 132  58  50
 215 215 216 143  30  84 222 182  50  58 223 224  42  33  43  52
 121 170 213 150  48  61 133 140 152 144 225 221 158 146 159 154
  26 113 213 169  47  37  27  57 227 226 224 225 230 237 238 240
  45 117 212 179  46  42  42  62 219 222 223 224 228 233 240 240
  40 111 215 181  47  47  47  79 220 221 224 226 228 235 240 240
 118 153 220 198 124 130 143 125 161 182 174 169 165 199 208 211
 228 226 222 218 223 226 230 202  26  20  23  20  19  19  21  20
 194 189 193 195 213 201 196 150  56  48  47  47  48  50  49  53
  14  18  20 103 215 158  22  21  48  47  46  48  48  49  49  57
  47  62  86 146 209 158  52  50  72  74  84  70  76  85  97  81
  48 138 230 158  14  28  43  94 225 228 236 237 237 240 240 234
  48 127 214 156  50  48  48  76 219 222 224 229 229 232 239 240

 240 171  43  60  63 148 240 240 240 221  51  63  64  79 232 240
 240 180 104  70  57 145 240 240 240 224  52  59  62  83 235 240
 240 239 240 187  37 126 240 240 240 225  48  55  56  76 235 240
 240 239 232 185  78 134 240 240 240 209  44  53  52  68 240 240
 240 167  62 170 226 236 240 240 240 216  42  49  51  63 237 240
 240 157  44 140 239 237 240 240 240 223  26  54  54  80 235 240
 240 160  42  57 101 159 240 240 240 229  25  55  51  74 232 240
 240 139  39  53  57 144 240 240 240 211  28  51  48  68 231 240
  86  55  45 140 237 191  93 102  89 120 222 233  47  53  81  84
  48  49  48 138 240 193  32  49  48 110 240 236  42  54  53  55
  48 132 213 181 100 107  41  49  48 106 240 236 211 224  66  52
  54 155 240 186  36  53  50  52  50 111 240 240 240 240  49  51
 175 217 240 217 201 205 164 177 165 187 240 235  87 111 199 190
 240 240 240 240 240 240 240 240 240 240 240 238  38  77 240 240
 134 136 127 180 240 203 110 159 153 168 240 224  31  61 151 126
  48  48  47 144 240 173  31  49  48 102 240 225  34  51  53  51
 240 123  34  50  49 152 240 240 240 212  19  54  57  74 238 240
 240 134  85  65  43 155 240 240 240 211  21  49  49  90 236 240
 240 237 237 135  33 143 240 240 240 204  20  48  48  80 236 240
 240 231 226 140  58 157 240 240 240 175  16  48  48  73 240 240
 234 102  50 170 232 232 238 240 240 176  20  47  48  68 240 238
 233  97  36 159 229 234 231 235 239 179  21  47  46  83 240 240
 226  99  36  64  81 166 238 232 237 183  17  48  46  73 239 232
 224  95  32  49  53 155 234 225 230 171  26  53  45  72 238 229
  73  50  36 151 214 155  74  78  83 124 214 182  22  50  91  82
  40  47  45 157 231 139  25  37  46 141 232 211  23  53  45  48
  41 157 189 132  91  74  35  42  44 129 231 211 180 187  36  48
  51 188 232 128  31  46  43  46  46 122 232 230 230 220  15  49
 185 212 229 176 177 185 168 175 174 200 231 205  93 126 177 173
 227 226 225 226 228 225 226 226 226 228 234 201  20  84 238 227
 123 116 121 194 228 175 106 133 128 165 234 195  17  62 150 125
  38  39  41 159 228 128  23  41  38 117 235 197  16  46  48  48
 236 124  32  50  52 154 240 240 240 211  20  53  57  81 234 240
 228 128  52  58  43 159 238 240 240 208  21  49  49  97 240 239
 227 221 224 132  33 146 237 233 235 199  19  50  49  85 240 232
 223 217 218 128  42 158 230 228 228 165  19  48  48  76 237 229
 222 100  42 151 224 221 225 224 226 169  20  47  48  70 237 229
 217  94  39 161 223 225 224 223 224 174  23  47  46  84 236 224
 209  93  37  66  58 144 226 222 221 182  20  48  47  74 228 222
 203  88  34  49  50 152 227 219 220 161  26  56  48  72 225 219
  69  54  42 143 182 140  57  62  79 125 202 150  21  50  94  76
  40  48  51 155 222 133  27  42  47 143 230 196  22  52  43  48
  42 156 158 116  84  61  37  42  47 130 226 201 158 158  28  48
  47 188 227 125  30  48  47  46  47 124 223 213 215 209  14  50
 182 204 220 171 143 150 169 179 181 198 218 195 103 146 158 156
 211 208 214 210 216 213 213 212 215 220 222 193  20  86 230 214
 115 109 126 193 215 170 113 117 111 153 226 189  18  62 138 127
  39  41  45 157 215 121  26  45  40 118 228 194  14  47  48  48

 240 240 240 240 240 240 240 240  84  55  52  51 190 240 126  51
 232 235 235 240 237 235 232 231  81  53  66  49 199 240 151  53
  79  83  76  68  63  80  74  68  53  54 224 240 111  77  61  51
  64  62  56  52  51  54  51  48  47  42 211 240  87  38  31  34
  63  59  55  53  49  54  55  51 233 236 236 240 235 238 224 225
  51  52  48  44  42  26  25  28 222 240 240 240 240 240 240 240
 221 224 225 209 216 223 229 211 120 110 106 111 187 240 168 102
 240 240 240 240 240 240 240 240  89  48  48  50 165 240 153  48
 240 240 240 240 240 240 240 240 102  49  49  52 177 240 159  49
 240 240 240 240 240 240 240 240  93  32  41  50 164 240 110  31
 148 145 126 134 236 237 159 144 191 193 107  53 205 240 203 173
  63  57  37  78 226 239 101  57 237 240 100  36 201 240 240 240
  60  70 187 185 170 140  57  53 140 138 181 186 217 240 180 144
  43 104 240 232  62  44  42  39  45  48 213 240 240 240 127  47
 171 180 239 239 167 157 160 139  55  49 132 155 217 240 136  48
 240 240 240 240 240 240 240 240  86  48  48  54 175 240 134  48
 240 240 240 240 238 240 232 229  82  48  48  49 173 227 125  48
 238 236 236 240 240 240 239 238  91  45  36  15 177 238 150  48
  74  90  80  73  68  83  73  72  50  53 187 220 126  84  62  46
  57  49  48  48  48  46  46  45  22  23 180 230  93  20  17  16
  54  49  48  48  47  47  48  53 182 211 211 230 205 201 195 197
  19  21  20  16  20  21  17  26 214 232 231 232 231 234 234 235
 212 211 204 175 176 179 183 171 124 141 129 122 200 228 165 117
 240 240 240 240 240 239 237 230  83  46  44  46 174 226 128  38
 240 240 240 240 240 235 232 225  78  37  42  46 175 226 133  41
 240 240 240 240 238 231 238 234  74  25  35  43 168 226 106  23
 152 155 143 157 232 234 166 155 155 139  74  46 185 225 175 128
  49  43  33  58 232 229  81  53 214 231  91  31 177 228 228 228
  50  65 135 140 170 159  64  49 151 157 132 128 176 226 194 159
  34  85 237 226  50  36  36  32  36  45 189 232 229 225 121  41
 123 134 237 231 102  97  99  95  50  47 157 188 212 226 116  39
 240 240 240 240 234 233 226 224  73  40  41  51 185 227 123  38
 240 239 232 229 229 224 222 219  76  48  48  50 156 214 127  48
 234 240 240 237 237 236 228 225  94  43  28  14 158 230 138  48
  81  97  85  76  70  84  74  72  50  52 158 209 146  86  62  47
  57  49  49  48  48  46  47  48  21  22 158 215 103  20  18  14
  53  49  50  48  47  47  48  56 150 196 201 213 195 193 189 194
  20  21  19  19  20  23  20  26 202 230 226 223 218 222 226 228
 211 208 199 165 169 174 182 161 125 143 130 124 198 220 153 118
 240 240 235 228 226 224 221 220  79  47  47  47 181 215 111  40
 240 240 233 228 224 223 222 219  62  42  42  46 179 212 117  45
 240 238 237 230 225 224 226 227  57  27  37  47 169 213 113  26
 154 159 146 158 221 225 144 152 140 133  61  48 150 213 170 121
  52  43  33  42 224 223  58  50 182 222  84  30 143 216 215 215
  50  58 132 128 151 161  66  49 143 155 116 125 171 210 193 157
  32  52 224 218  42  39  37  34  42  51 158 227 220 214 126  45
 124 128 221 217 100  94  93  88  54  48 156 188 204 208 109  41
 236 228 227 223 222 217 209 203  69  40  42  47 182 211 115  39

