 236 240 132  58  60  64  61  60  61  61  60  60  61  55  88 240
 237 240 141  90 126 152 115  64  59  55  59 107 129  57  91 240
 226 240 240 240 240 240 172  57  60  59 117 240 214  68  78 240
 221 240 240 240 240 226 161  57  58  57  98 240 212  92 131 240
 230 240 240 240 141  61  59  59  57  57 107 240 240 240 240 240
 214 230 239 240 163  85  84  76 115 101 129 240 240 240 233 192
  50  39 219 240 240 240 240 240 240 240 240 240 240 240 222  77
 100  89 209 240 240 240 240 240 240 240 240 240 240 240 234  79
 225 240 240 240 144  62  59  61  57  55  52  61  78 240 240 240
 224 240 240 240 165 107 107 103 105 104  89  55  84 238 238 237
 110 109 110  94 196 225 224 224 225 221 205  60  47  66  65  64
  58  58  57  37 205 240 240 240 240 240 219  58  59  59  50  49
 237 240 240 240 142  99  97  86  89  85  92  60  55  52  84 240
 236 240 240 240 148  65  64  61  64  58  61  58  63  56  90 240
 155 156 155 134 167 189 188 188 187 185 186 183 166  64  68 116
  62  61  56  38 196 240 240 240 240 240 240 240 219  69  52  57
 206 240 143  44  46  47  46  47  47  46  46  47  43  47  36 240
 218 240 179 116 125 139 112  47  48  46  54 134 148  47  45 240
 213 240 240 240 240 240 196  48  47  42  66 240 235  67  40 240
 217 240 240 240 228 208 188  47  46  46  56 240 240 128 124 239
 230 240 240 240 165  54  52  48  48  45  66 240 240 240 240 240
 219 232 237 240 200  97  93  92 104 102 100 240 240 240 240 209
  54  38 180 240 240 240 240 240 240 240 240 240 240 240 240  93
  67  51 183 240 238 240 240 236 225 227 227 228 221 240 240 114
 219 240 240 240 176  71  67  67  65  68  67  62  47 240 240 240
 219 240 240 240 173  78  73  72  71  70  76  47  52 235 236 236
  82  91  89  72 170 234 232 233 232 232 240  53  43  65  68  69
  53  56  56  41 150 240 240 240 240 240 239  53  48  48  47  64
 195 217 220 217 166 105 105 101 100  99 109  49  47  48  37 232
 214 240 240 240 170  53  54  52  53  52  53  54  55  48  53 240
 124 133 132 110 158 203 204 204 204 206 207 207 223  55  41 100
  48  48  48  32 167 240 240 240 240 240 240 240 240  60  47  47
 210 240 144  44  44  48  45  45  47  46  46  46  46  47  41 240
 218 240 193 144 130 116 110  48  48  46  52 148 146  47  47 240
 213 240 240 240 240 240 196  48  48  44  63 240 236  69  39 240
 214 240 240 240 220 195 178  46  48  45  53 240 240 151 137 238
 227 240 240 240 167  49  51  48  48  45  66 240 240 240 240 240
 222 240 238 240 199 105 103 101  94  92 101 240 240 240 240 206
  54  46 178 240 240 240 240 240 240 240 240 240 240 240 240  92
  42  30 184 240 240 240 240 229 196 198 199 201 214 240 238 129
 218 240 240 240 180  79  71  70  71  72  75  66  44 240 240 240
 217 240 240 240 162  47  44  45  44  45  60  48  52 240 240 240
  53  57  55  42 165 240 240 240 240 240 240  55  42  63  67  65
  60  63  63  47 149 240 240 240 240 240 239  53  48  49  47  80
 170 188 190 191 162 117 118 114 114 114 113  49  46  48  29 207
 215 240 240 240 171  50  51  48  48  50  48  48  53  48  50 238
  96 107 106  93 160 212 212 216 216 219 223 226 231  55  39  75
  48  49  47  33 164 240 240 240 240 240 240 240 240  60  47  47

 240 240 240 240 240 192  77  79 240 237  64  49 240 240 116  57
  88  91  78 131 240 233 222 234 240 238  65  50  84  90  68  52
  55  57  68  92 240 240 240 240 240 238  66  59  52  56  64  69
  61 129 214 212 240 240 240 240  78  84  47  59  55  63 166 219
  60 107 240 240 240 240 240 240  61  55  60  58  60  58 183 240
  60  59 117  98 107 129 240 240  52  89 205 219  92  61 186 240
  61  55  59  57  57 101 240 240  55 104 221 240  85  58 185 240
  61  59  60  58  57 115 240 240  57 105 225 240  89  64 187 240
  60  64  57  57  59  76 240 240  61 103 224 240  86  61 188 240
  61 115 172 161  59  84 240 240  59 107 224 240  97  64 188 240
  64 152 240 226  61  85 240 240  62 107 225 240  99  65 189 240
  60 126 240 240 141 163 240 240 144 165 196 205 142 148 167 196
  58  90 240 240 240 240 240 240 240 240  94  37 240 240 134  38
 132 141 240 240 240 239 219 209 240 240 110  57 240 240 155  56
 240 240 240 240 240 230  39  89 240 240 109  58 240 240 156  61
 236 237 226 221 230 214  50 100 225 224 110  58 237 236 155  62
 240 240 240 239 240 209  93 114 240 236  69  64 232 240 100  47
  36  45  40 124 240 240 240 240 240 236  68  47  37  53  41  47
  47  47  67 128 240 240 240 240 240 235  65  48  48  48  55  60
  43 148 235 240 240 240 240 221  47  52  43  48  47  55 223 240
  47 134 240 240 240 240 240 228  62  47  53  53  49  54 207 240
  46  54  66  56  66 100 240 227  67  76 240 239 109  53 207 240
  46  46  42  46  45 102 240 227  68  70 232 240  99  52 206 240
  47  48  47  46  48 104 240 225  65  71 232 240 100  53 204 240
  47  47  48  47  48  92 240 236  67  72 233 240 101  52 204 240
  46 112 196 188  52  93 240 240  67  73 232 240 105  54 204 240
  47 139 240 208  54  97 240 240  71  78 234 240 105  53 203 240
  46 125 240 228 165 200 240 238 176 173 170 150 166 170 158 167
  44 116 240 240 240 240 240 240 240 240  72  41 217 240 110  32
 143 179 240 240 240 237 180 183 240 240  89  56 220 240 132  48
 240 240 240 240 240 232  38  51 240 240  91  56 217 240 133  48
 206 218 213 217 230 219  54  67 219 219  82  53 195 214 124  48
 240 240 240 238 240 206  92 129 240 240  65  80 207 238  75  47
  41  47  39 137 240 240 240 238 240 240  67  47  29  50  39  47
  47  47  69 151 240 240 240 240 240 240  63  49  48  48  55  60
  46 146 236 240 240 240 240 214  44  52  42  48  46  53 231 240
  46 148 240 240 240 240 240 201  66  48  55  53  49  48 226 240
  46  52  63  53  66 101 240 199  75  60 240 239 113  48 223 240
  46  46  44  45  45  92 240 198  72  45 240 240 114  50 219 240
  47  48  48  48  48  94 240 196  71  44 240 240 114  48 216 240
  45  48  48  46  48 101 240 229  70  45 240 240 114  48 216 240
  45 110 196 178  51 103 240 240  71  44 240 240 118  51 212 240
  48 116 240 195  49 105 240 240  79  47 240 240 117  50 212 240
  44 130 240 220 167 199 240 240 180 162 165 149 162 171 160 164
  44 144 240 240 240 240 240 240 240 240  42  47 191 240  93  33
 144 193 240 240 240 238 178 184 240 240  55  63 190 240 106  47
 240 240 240 240 240 240  46  30 240 240  57  63 188 240 107  49
 210 218 213 214 227 222  54  42 218 217  53  60 170 215  96  48

  57  52  69 219 240 240 240 240 240 240 240 196  38  56  61  62
 116  68  64 166 183 186 185 187 188 188 189 167 134 155 156 155
 240  90  56  63  58  61  58  64  61  64  65 148 240 240 240 236
 240  84  52  55  60  92  85  89  86  97  99 142 240 240 240 237
  49  50  59  59  58 219 240 240 240 240 240 205  37  57  58  58
  64  65  66  47  60 205 221 225 224 224 225 196  94 110 109 110
 237 238 238  84  55  89 104 105 103 107 107 165 240 240 240 224
 240 240 240  78  61  52  55  57  61  59  62 144 240 240 240 225
  79 234 240 240 240 240 240 240 240 240 240 240 240 209  89 100
  77 222 240 240 240 240 240 240 240 240 240 240 240 219  39  50
 192 233 240 240 240 129 101 115  76  84  85 163 240 239 230 214
 240 240 240 240 240 107  57  57  59  59  61 141 240 240 240 230
 240 131  92 212 240  98  57  58  57 161 226 240 240 240 240 221
 240  78  68 214 240 117  59  60  57 172 240 240 240 240 240 226
 240  91  57 129 107  59  55  59  64 115 152 126  90 141 240 237
 240  88  55  61  60  60  61  61  60  61  64  60  58 132 240 236
  47  47  60 240 240 240 240 240 240 240 240 167  32  48  48  48
 100  41  55 223 207 207 206 204 204 204 203 158 110 132 133 124
 240  53  48  55  54  53  52  53  52  54  53 170 240 240 240 214
 232  37  48  47  49 109  99 100 101 105 105 166 217 220 217 195
  64  47  48  48  53 239 240 240 240 240 240 150  41  56  56  53
  69  68  65  43  53 240 232 232 233 232 234 170  72  89  91  82
 236 236 235  52  47  76  70  71  72  73  78 173 240 240 240 219
 240 240 240  47  62  67  68  65  67  67  71 176 240 240 240 219
 114 240 240 221 228 227 227 225 236 240 240 238 240 183  51  67
  93 240 240 240 240 240 240 240 240 240 240 240 240 180  38  54
 209 240 240 240 240 100 102 104  92  93  97 200 240 237 232 219
 240 240 240 240 240  66  45  48  48  52  54 165 240 240 240 230
 239 124 128 240 240  56  46  46  47 188 208 228 240 240 240 217
 240  40  67 235 240  66  42  47  48 196 240 240 240 240 240 213
 240  45  47 148 134  54  46  48  47 112 139 125 116 179 240 218
 240  36  47  43  47  46  46  47  47  46  47  46  44 143 240 206
  47  47  60 240 240 240 240 240 240 240 240 164  33  47  49  48
  75  39  55 231 226 223 219 216 216 212 212 160  93 106 107  96
 238  50  48  53  48  48  50  48  48  51  50 171 240 240 240 215
 207  29  48  46  49 113 114 114 114 118 117 162 191 190 188 170
  80  47  49  48  53 239 240 240 240 240 240 149  47  63  63  60
  65  67  63  42  55 240 240 240 240 240 240 165  42  55  57  53
 240 240 240  52  48  60  45  44  45  44  47 162 240 240 240 217
 240 240 240  44  66  75  72  71  70  71  79 180 240 240 240 218
 129 238 240 214 201 199 198 196 229 240 240 240 240 184  30  42
  92 240 240 240 240 240 240 240 240 240 240 240 240 178  46  54
 206 240 240 240 240 101  92  94 101 103 105 199 240 238 240 222
 240 240 240 240 240  66  45  48  48  51  49 167 240 240 240 227
 238 137 151 240 240  53  45  48  46 178 195 220 240 240 240 214
 240  39  69 236 240  63  44  48  48 196 240 240 240 240 240 213
 240  47  47 146 148  52  46  48  48 110 116 130 144 193 240 218
 240  41  47  46  46  46  46  47  45  45  48  44  44 144 240 210

  62 155 236 237  58 110 224 225 100  50 214 230 221 226 237 236
  61 156 240 240  58 109 240 240  89  39 230 240 240 240 240 240
  56 155 240 240  57 110 240 240 209 219 239 240 240 240 141 132
  38 134 240 240  37  94 240 240 240 240 240 240 240 240  90  58
 196 167 148 142 205 196 165 144 240 240 163 141 240 240 126  60
 240 189  65  99 240 225 107  62 240 240  85  61 226 240 152  64
 240 188  64  97 240 224 107  59 240 240  84  59 161 172 115  61
 240 188  61  86 240 224 103  61 240 240  76  59  57  57  64  60
 240 187  64  89 240 225 105  57 240 240 115  57  58  60  59  61
 240 185  58  85 240 221 104  55 240 240 101  57  57  59  55  61
 240 186  61  92 219 205  89  52 240 240 129 107  98 117  59  60
 240 183  58  60  58  60  55  61 240 240 240 240 240 240 107  60
 219 166  63  55  59  47  84  78 240 240 240 240 212 214 129  61
  69  64  56  52  59  66 238 240 240 240 240 240  92  68  57  55
  52  68  90  84  50  65 238 240 234 222 233 240 131  78  91  88
  57 116 240 240  49  64 237 240  79  77 192 240 240 240 240 240
  48 124 214 195  53  82 219 219  67  54 219 230 217 213 218 206
  48 133 240 217  56  91 240 240  51  38 232 240 240 240 240 240
  48 132 240 220  56  89 240 240 183 180 237 240 240 240 179 143
  32 110 240 217  41  72 240 240 240 240 240 240 240 240 116  44
 167 158 170 166 150 170 173 176 238 240 200 165 228 240 125  46
 240 203  53 105 240 234  78  71 240 240  97  54 208 240 139  47
 240 204  54 105 240 232  73  67 240 240  93  52 188 196 112  46
 240 204  52 101 240 233  72  67 236 240  92  48  47  48  47  47
 240 204  53 100 240 232  71  65 225 240 104  48  46  47  48  47
 240 206  52  99 240 232  70  68 227 240 102  45  46  42  46  46
 240 207  53 109 239 240  76  67 227 240 100  66  56  66  54  46
 240 207  54  49  53  53  47  62 228 240 240 240 240 240 134  47
 240 223  55  47  48  43  52  47 221 240 240 240 240 235 148  43
  60  55  48  48  48  65 235 240 240 240 240 240 128  67  47  47
  47  41  53  37  47  68 236 240 240 240 240 240 124  40  45  36
  47 100 240 232  64  69 236 240 114  93 209 240 239 240 240 240
  48  96 215 170  60  53 217 218  42  54 222 227 214 213 218 210
  49 107 240 188  63  57 240 240  30  46 240 240 240 240 240 240
  47 106 240 190  63  55 240 240 184 178 238 240 240 240 193 144
  33  93 240 191  47  42 240 240 240 240 240 240 240 240 144  44
 164 160 171 162 149 165 162 180 240 240 199 167 220 240 130  44
 240 212  50 117 240 240  47  79 240 240 105  49 195 240 116  48
 240 212  51 118 240 240  44  71 240 240 103  51 178 196 110  45
 240 216  48 114 240 240  45  70 229 240 101  48  46  48  48  45
 240 216  48 114 240 240  44  71 196 240  94  48  48  48  48  47
 240 219  50 114 240 240  45  72 198 240  92  45  45  44  46  46
 240 223  48 113 239 240  60  75 199 240 101  66  53  63  52  46
 240 226  48  49  53  55  48  66 201 240 240 240 240 240 148  46
 240 231  53  46  48  42  52  44 214 240 240 240 240 236 146  46
  60  55  48  48  49  63 240 240 240 240 240 240 151  69  47  47
  47  39  50  29  47  67 240 240 238 240 240 240 137  39  47  41
  47  75 238 207  80  65 240 240 129  92 206 240 238 240 240 240

