  54  56  56  51  55  44 171 240 153  34 171 240 195  56  58  54
 103 132  75  55  52  50 149 198 176 119 187 240 208  99 104 124
 240 240 107  54  56  54  63  56 155 240 240 240 240 240 240 240
 236 233 132 112  77  58 104  95 176 240 240 240 240 236 228 240
  68  66 215 240 142  27 210 240 240 240 240 240 194  67 115 240
  59  67 221 232 132  25 219 240 240 240 223 232 200  72 122 240
  59  55  75  91  73  23 224 240 240 240 195  73 142 240 240 240
  58  52  72  86 100  74 220 240 240 240 198  68 160 240 240 240
  61  86 224 240 240 240 160  83  86  81 201 240 198  85 152 240
  58  84 228 240 240 240 152  61  59  34 200 240 202  43 148 240
  59  88 232 240 240 240 143  63  57  51  96 120 104  44 144 240
  84 117 236 240 240 240 152  62  62  54  88  56  56  50 145 240
 197 228 164 133 123 107 216 240 146  37 151 238 240 225 221 240
 240 240 124  60  60  44 216 240 136  47 172 240 240 240 240 240
 240 240 122  64  64  48 226 240 146  56 192 240 198 124 214 240
 240 240 121  61  60  51 232 240 146  66 212 240 179  38 209 240
  48  48  47  47  47  24 136 240 178  29 122 240 220  50  46  47
 109 127  70  47  46  29 126 205 171  93 152 240 223 106 107 101
 240 240 125  48  47  44  51  38 113 240 240 240 240 240 240 240
 210 222 147 110  74  38  74  73 137 240 240 240 235 229 231 240
  61  27 205 240 158  20 170 240 240 240 240 240 221  73  81 240
  49  19 193 238 147  20 178 240 240 240 237 237 216  83  59 240
  49  46  64  79  62  20 180 240 240 240 211  66  99 240 239 240
  48  40  63  73  79  59 193 239 239 239 206  63  93 239 238 240
  48  15 205 240 238 239 175  93  92  66 121 240 230  89 108 240
  48  11 226 240 240 240 165  51  50  30 115 240 232  38  60 240
  49  10 234 240 240 240 164  52  49  43  57 109 116  39  67 240
  56  18 238 240 240 240 174  66  61  46  52  54  60  42  86 240
 212 227 174 127 124  99 189 223 174  22 127 226 220 221 218 240
 240 234 135  51  49  18 200 240 176  24 137 240 240 240 240 240
 240 236 133  48  49  12 222 240 166  23 154 240 218 131 160 240
 240 239 128  47  48   8 234 240 162  20 172 240 200  38 120 240
  48  48  48  48  49  24 136 240 176  33 126 240 220  52  49  48
 130 125  69  47  46  31 118 190 162  87 151 240 225 117 119  88
 239 238 127  48  48  45  46  29 116 240 240 240 240 240 240 240
 193 215 159 112  76  38  71  72 138 240 240 240 232 221 236 240
  57  26 204 240 164  20 165 240 240 240 240 240 223  73  83 240
  49  18 179 238 151  19 176 240 240 240 240 227 211 101  62 240
  49  42  62  70  61  20 178 240 240 240 203  59  99 237 240 240
  49  37  78  72  53  43 180 220 218 240 199  59  88 219 232 240
  48  13 197 239 238 239 173 106  91  55 122 239 240  97 109 240
  50  11 221 240 240 240 167  52  50  32 115 240 234  41  61 240
  49   8 230 240 240 240 164  54  47  44  45  80 110  41  73 240
  48  11 236 240 240 240 183  75  64  50  37  62  71  45  90 240
 235 240 170 116 110  88 177 196 172  22 128 211 194 211 224 240
 240 240 143  55  54  14 198 240 175  24 137 240 240 240 240 240
 240 240 138  49  49  10 218 239 165  26 151 240 214 128 161 240
 240 240 136  51  48   8 231 236 160  24 169 240 200  40 123 240

  54 124 240 240 240 240 240 240 240 240 240 240 240 240 240 240
  58 104 240 228 115 122 240 240 152 148 144 145 221 240 214 209
  56  99 240 236  67  72 240 240  85  43  44  50 225 240 124  38
 195 208 240 240 194 200 142 160 198 202 104  56 240 240 198 179
 240 240 240 240 240 232  73  68 240 240 120  56 238 240 240 240
 171 187 240 240 240 223 195 198 201 200  96  88 151 172 192 212
  34 119 240 240 240 240 240 240  81  34  51  54  37  47  56  66
 153 176 155 176 240 240 240 240  86  59  57  62 146 136 146 146
 240 198  56  95 240 240 240 240  83  61  63  62 240 240 240 240
 171 149  63 104 210 219 224 220 160 152 143 152 216 216 226 232
  44  50  54  58  27  25  23  74 240 240 240 240 107  44  48  51
  55  52  56  77 142 132  73 100 240 240 240 240 123  60  64  60
  51  55  54 112 240 232  91  86 240 240 240 240 133  60  64  61
  56  75 107 132 215 221  75  72 224 228 232 236 164 124 122 121
  56 132 240 233  66  67  55  52  86  84  88 117 228 240 240 240
  54 103 240 236  68  59  59  58  61  58  59  84 197 240 240 240
  47 101 240 240 240 240 240 240 240 240 240 240 240 240 240 240
  46 107 240 231  81  59 239 238 108  60  67  86 218 240 160 120
  50 106 240 229  73  83 240 239  89  38  39  42 221 240 131  38
 220 223 240 235 221 216  99  93 230 232 116  60 220 240 218 200
 240 240 240 240 240 237  66  63 240 240 109  54 226 240 240 240
 122 152 240 240 240 237 211 206 121 115  57  52 127 137 154 172
  29  93 240 240 240 240 240 239  66  30  43  46  22  24  23  20
 178 171 113 137 240 240 240 239  92  50  49  61 174 176 166 162
 240 205  38  73 240 240 240 239  93  51  52  66 223 240 240 240
 136 126  51  74 170 178 180 193 175 165 164 174 189 200 222 234
  24  29  44  38  20  20  20  59 239 240 240 240  99  18  12   8
  47  46  47  74 158 147  62  79 238 240 240 240 124  49  49  48
  47  47  48 110 240 238  79  73 240 240 240 240 127  51  48  47
  47  70 125 147 205 193  64  63 205 226 234 238 174 135 133 128
  48 127 240 222  27  19  46  40  15  11  10  18 227 234 236 239
  48 109 240 210  61  49  49  48  48  48  49  56 212 240 240 240
  48  88 240 240 240 240 240 240 240 240 240 240 240 240 240 240
  49 119 240 236  83  62 240 232 109  61  73  90 224 240 161 123
  52 117 240 221  73 101 237 219  97  41  41  45 211 240 128  40
 220 225 240 232 223 211  99  88 240 234 110  71 194 240 214 200
 240 240 240 240 240 227  59  59 239 240  80  62 211 240 240 240
 126 151 240 240 240 240 203 199 122 115  45  37 128 137 151 169
  33  87 240 240 240 240 240 240  55  32  44  50  22  24  26  24
 176 162 116 138 240 240 240 218  91  50  47  64 172 175 165 160
 240 190  29  72 240 240 240 220 106  52  54  75 196 240 239 236
 136 118  46  71 165 176 178 180 173 167 164 183 177 198 218 231
  24  31  45  38  20  19  20  43 239 240 240 240  88  14  10   8
  49  46  48  76 164 151  61  53 238 240 240 240 110  54  49  48
  48  47  48 112 240 238  70  72 239 240 240 240 116  55  49  51
  48  69 127 159 204 179  62  78 197 221 230 236 170 143 138 136
  48 125 238 215  26  18  42  37  13  11   8  11 240 240 240 240
  48 130 239 193  57  49  49  49  48  50  49  48 235 240 240 240

 240 209  38 179 240 212  66 146 240 232  51  60  61 121 240 240
 240 214 124 198 240 192  56 146 240 226  48  64  64 122 240 240
 240 240 240 240 240 172  47 136 240 216  44  60  60 124 240 240
 240 221 225 240 238 151  37 146 240 216 107 123 133 164 228 197
 240 145  50  56  56  88  54  62  62 152 240 240 240 236 117  84
 240 144  44 104 120  96  51  57  63 143 240 240 240 232  88  59
 240 148  43 202 240 200  34  59  61 152 240 240 240 228  84  58
 240 152  85 198 240 201  81  86  83 160 240 240 240 224  86  61
 240 240 240 160  68 198 240 240 240 220  74 100  86  72  52  58
 240 240 240 142  73 195 240 240 240 224  23  73  91  75  55  59
 240 122  72 200 232 223 240 240 240 219  25 132 232 221  67  59
 240 115  67 194 240 240 240 240 240 210  27 142 240 215  66  68
 240 228 236 240 240 240 240 176  95 104  58  77 112 132 233 236
 240 240 240 240 240 240 240 155  56  63  54  56  54 107 240 240
 124 104  99 208 240 187 119 176 198 149  50  52  55  75 132 103
  54  58  56 195 240 171  34 153 240 171  44  55  51  56  56  54
 240 120  38 200 240 172  20 162 240 234   8  48  47 128 239 240
 240 160 131 218 240 154  23 166 240 222  12  49  48 133 236 240
 240 240 240 240 240 137  24 176 240 200  18  49  51 135 234 240
 240 218 221 220 226 127  22 174 223 189  99 124 127 174 227 212
 240  86  42  60  54  52  46  61  66 174 240 240 240 238  18  56
 240  67  39 116 109  57  43  49  52 164 240 240 240 234  10  49
 240  60  38 232 240 115  30  50  51 165 240 240 240 226  11  48
 240 108  89 230 240 121  66  92  93 175 239 238 240 205  15  48
 240 238 239  93  63 206 239 239 239 193  59  79  73  63  40  48
 240 239 240  99  66 211 240 240 240 180  20  62  79  64  46  49
 240  59  83 216 237 237 240 240 240 178  20 147 238 193  19  49
 240  81  73 221 240 240 240 240 240 170  20 158 240 205  27  61
 240 231 229 235 240 240 240 137  73  74  38  74 110 147 222 210
 240 240 240 240 240 240 240 113  38  51  44  47  48 125 240 240
 101 107 106 223 240 152  93 171 205 126  29  46  47  70 127 109
  47  46  50 220 240 122  29 178 240 136  24  47  47  47  48  48
 240 123  40 200 240 169  24 160 236 231   8  48  51 136 240 240
 240 161 128 214 240 151  26 165 239 218  10  49  49 138 240 240
 240 240 240 240 240 137  24 175 240 198  14  54  55 143 240 240
 240 224 211 194 211 128  22 172 196 177  88 110 116 170 240 235
 240  90  45  71  62  37  50  64  75 183 240 240 240 236  11  48
 240  73  41 110  80  45  44  47  54 164 240 240 240 230   8  49
 240  61  41 234 240 115  32  50  52 167 240 240 240 221  11  50
 240 109  97 240 239 122  55  91 106 173 239 238 239 197  13  48
 240 232 219  88  59 199 240 218 220 180  43  53  72  78  37  49
 240 240 237  99  59 203 240 240 240 178  20  61  70  62  42  49
 240  62 101 211 227 240 240 240 240 176  19 151 238 179  18  49
 240  83  73 223 240 240 240 240 240 165  20 164 240 204  26  57
 240 236 221 232 240 240 240 138  72  71  38  76 112 159 215 193
 240 240 240 240 240 240 240 116  29  46  45  48  48 127 238 239
  88 119 117 225 240 151  87 162 190 118  31  46  47  69 125 130
  48  49  52 220 240 126  33 176 240 136  24  49  48  48  48  48

 240 240 240 197  84  59  58  61  58  59  59  68 236 240 103  54
 240 240 240 228 117  88  84  86  52  55  67  66 233 240 132  56
 121 122 124 164 236 232 228 224  72  75 221 215 132 107  75  56
  61  64  60 133 240 240 240 240  86  91 232 240 112  54  55  51
  60  64  60 123 240 240 240 240 100  73 132 142  77  56  52  55
  51  48  44 107 240 240 240 240  74  23  25  27  58  54  50  44
 232 226 216 216 152 143 152 160 220 224 219 210 104  63 149 171
 240 240 240 240  62  63  61  83 240 240 240 240  95  56 198 240
 146 146 136 146  62  57  59  86 240 240 240 240 176 155 176 153
  66  56  47  37  54  51  34  81 240 240 240 240 240 240 119  34
 212 192 172 151  88  96 200 201 198 195 223 240 240 240 187 171
 240 240 240 238  56 120 240 240  68  73 232 240 240 240 240 240
 179 198 240 240  56 104 202 198 160 142 200 194 240 240 208 195
  38 124 240 225  50  44  43  85 240 240  72  67 236 240  99  56
 209 214 240 221 145 144 148 152 240 240 122 115 228 240 104  58
 240 240 240 240 240 240 240 240 240 240 240 240 240 240 124  54
 240 240 240 212  56  49  48  48  48  49  49  61 210 240 109  48
 239 236 234 227  18  10  11  15  40  46  19  27 222 240 127  48
 128 133 135 174 238 234 226 205  63  64 193 205 147 125  70  47
  47  48  51 127 240 240 240 240  73  79 238 240 110  48  47  47
  48  49  49 124 240 240 240 238  79  62 147 158  74  47  46  47
   8  12  18  99 240 240 240 239  59  20  20  20  38  44  29  24
 234 222 200 189 174 164 165 175 193 180 178 170  74  51 126 136
 240 240 240 223  66  52  51  93 239 240 240 240  73  38 205 240
 162 166 176 174  61  49  50  92 239 240 240 240 137 113 171 178
  20  23  24  22  46  43  30  66 239 240 240 240 240 240  93  29
 172 154 137 127  52  57 115 121 206 211 237 240 240 240 152 122
 240 240 240 226  54 109 240 240  63  66 237 240 240 240 240 240
 200 218 240 220  60 116 232 230  93  99 216 221 235 240 223 220
  38 131 240 221  42  39  38  89 239 240  83  73 229 240 106  50
 120 160 240 218  86  67  60 108 238 239  59  81 231 240 107  46
 240 240 240 240 240 240 240 240 240 240 240 240 240 240 101  47
 240 240 240 235  48  49  50  48  49  49  49  57 193 239 130  48
 240 240 240 240  11   8  11  13  37  42  18  26 215 238 125  48
 136 138 143 170 236 230 221 197  78  62 179 204 159 127  69  48
  51  49  55 116 240 240 240 239  72  70 238 240 112  48  47  48
  48  49  54 110 240 240 240 238  53  61 151 164  76  48  46  49
   8  10  14  88 240 240 240 239  43  20  19  20  38  45  31  24
 231 218 198 177 183 164 167 173 180 178 176 165  71  46 118 136
 236 239 240 196  75  54  52 106 220 240 240 240  72  29 190 240
 160 165 175 172  64  47  50  91 218 240 240 240 138 116 162 176
  24  26  24  22  50  44  32  55 240 240 240 240 240 240  87  33
 169 151 137 128  37  45 115 122 199 203 240 240 240 240 151 126
 240 240 240 211  62  80 240 239  59  59 227 240 240 240 240 240
 200 214 240 194  71 110 234 240  88  99 211 223 232 240 225 220
  40 128 240 211  45  41  41  97 219 237 101  73 221 240 117  52
 123 161 240 224  90  73  61 109 232 240  62  83 236 240 119  49
 240 240 240 240 240 240 240 240 240 240 240 240 240 240  88  48

