 240 240 121  67 208 240 240 240 240 240 240 240 199  61 131 240
 240 240 168 139 179 165 214 240 240 240 219 169 179  64 145 240
 240 240 240 240 121  45 185 240 240 240 181  75  70  57 136 240
 207 197 196 187 114  51 169 209 199 196 177 150 133  61 111 199
  62  61  66  67  64  63  61  61  63  58 151 240 196  60  62  65
 101 115  79  59 136 139  96  99  99 130 194 240 202  66  65 102
 240 240 116  57 210 240 240 240 240 240 240 240 198  58 128 240
 211 204 103  48 221 240 231 206 201 199 240 240 197  61 122 198
  65  65  66  61  68  64  69  71  83  76  76  66  68  60  66  86
 100  99 111  83  87  81 101 101 110  77  86  57  72 102 112  84
 240 240 240 240 240 240 240 240 240 240 168  53 145 240 240 240
 240 240 240 240 240 240 240 240 240 240 172  52 147 239 233 240
 240 240 240 240 240 240 240 240 240 240 240 240 180 113 155 240
 240 240 240 240 240 240 240 240 240 240 240 240 194  56 141 240
  89 116 109  97  75  91 102 116 112  89  78  93  96  60  82  88
  60  60  62  58  63  60  60  61  62  56  55  59  56  55  56  57
 240 238 140  25 179 240 240 240 240 240 240 240 227  48  63 240
 240 240 198 141 195 171 205 240 240 240 231 194 204  49  60 240
 240 240 240 240 157  31 151 240 240 240 212  58  53  45  93 240
 186 200 195 202 128  36 119 206 209 200 175 137 129  43  71 221
  52  53  54  56  53  49  50  55  54  47 120 240 223  49  51  58
 119 134  74  36  98 127 112 113 123 102 154 240 216  52  54 110
 240 238 130  20 178 240 240 240 240 240 240 240 228  45  69 240
 216 230 104  21 176 219 220 229 226 217 234 230 220  48  57 222
  58  61  54  45  55  64  68  66  66  63  64  67  64  49  49  63
  81  91  94  84  84  91  82  81  87  78  83  45  48  78  82  77
 240 240 240 240 239 240 240 240 240 240 187  34  93 240 240 240
 240 240 240 240 240 240 240 240 240 240 201  52  83 236 235 240
 240 240 240 240 240 240 240 240 240 240 239 238 202  84 100 240
 240 240 239 240 240 240 240 240 240 240 240 240 213  38  75 240
  87  99 100  99  99  99 103 105  96 100  98  97  93  45  55 107
  48  49  50  50  48  48  49  50  48  48  48  46  46  48  48  46
 240 240 145  23 176 240 240 240 240 240 240 240 229  46  70 240
 239 237 211 150 172 173 207 240 240 240 232 200 193  50  60 240
 239 240 240 240 159  31 153 240 240 240 213  55  54  47  90 240
 150 173 177 206 132  33  98 169 179 178 178 110 116  44  62 208
  55  55  52  48  48  51  51  56  56  45 120 240 224  53  51  55
 137 146  77  33  71 110 133 134 140  84 154 240 219  53  46 116
 240 240 136  20 178 240 240 240 240 240 240 240 231  45  76 240
 203 220 106  22 153 198 210 235 229 227 203 200 210  49  58 237
  58  57  48  47  44  64  62  59  57  54  54  63  67  47  42  53
  64  75  66  87  92 103  69  62  61  87  82  44  34  59  53  73
 240 240 240 240 237 240 240 240 240 240 194  36  97 240 240 240
 240 240 240 240 240 240 240 240 240 240 212  62  87 240 237 240
 240 240 240 240 240 240 240 240 240 240 234 232 210  52 101 240
 240 240 240 240 236 240 240 240 240 239 236 240 215  41  80 239
  79  65  79  98 110 101  83  72  77 101 106  97  85  42  42 109
  48  49  49  50  49  49  49  49  50  49  47  46  48  44  47  50

 240 240 240 199  65 102 240 198  86  84 240 240 240 240  88  57
 131 145 136 111  62  65 128 122  66 112 240 233 155 141  82  56
  61  64  57  61  60  66  58  61  60 102 240 239 113  56  60  55
 199 179  70 133 196 202 198 197  68  72 145 147 180 194  96  56
 240 169  75 150 240 240 240 240  66  57  53  52 240 240  93  59
 240 219 181 177 151 194 240 240  76  86 168 172 240 240  78  55
 240 240 240 196  58 130 240 199  76  77 240 240 240 240  89  56
 240 240 240 199  63  99 240 201  83 110 240 240 240 240 112  62
 240 240 240 209  61  99 240 206  71 101 240 240 240 240 116  61
 240 214 185 169  61  96 240 231  69 101 240 240 240 240 102  60
 240 165  45  51  63 139 240 240  64  81 240 240 240 240  91  60
 208 179 121 114  64 136 210 221  68  87 240 240 240 240  75  63
  67 139 240 187  67  59  57  48  61  83 240 240 240 240  97  58
 121 168 240 196  66  79 116 103  66 111 240 240 240 240 109  62
 240 240 240 197  61 115 240 204  65  99 240 240 240 240 116  60
 240 240 240 207  62 101 240 211  65 100 240 240 240 240  89  60
 240 240 240 221  58 110 240 222  63  77 240 240 240 240 107  46
  63  60  93  71  51  54  69  57  49  82 240 235 100  75  55  48
  48  49  45  43  49  52  45  48  49  78 240 236  84  38  45  48
 227 204  53 129 223 216 228 220  64  48  93  83 202 213  93  46
 240 194  58 137 240 240 240 230  67  45  34  52 238 240  97  46
 240 231 212 175 120 154 240 234  64  83 187 201 239 240  98  48
 240 240 240 200  47 102 240 217  63  78 240 240 240 240 100  48
 240 240 240 209  54 123 240 226  66  87 240 240 240 240  96  48
 240 240 240 206  55 113 240 229  66  81 240 240 240 240 105  50
 240 205 151 119  50 112 240 220  68  82 240 240 240 240 103  49
 240 171  31  36  49 127 240 219  64  91 240 240 240 240  99  48
 179 195 157 128  53  98 178 176  55  84 239 240 240 240  99  48
  25 141 240 202  56  36  20  21  45  84 240 240 240 240  99  50
 140 198 240 195  54  74 130 104  54  94 240 240 240 239 100  50
 238 240 240 200  53 134 238 230  61  91 240 240 240 240  99  49
 240 240 240 186  52 119 240 216  58  81 240 240 240 240  87  48
 240 240 240 208  55 116 240 237  53  73 240 240 240 239 109  50
  70  60  90  62  51  46  76  58  42  53 240 237 101  80  42  47
  46  50  47  44  53  53  45  49  47  59 240 240  52  41  42  44
 229 193  54 116 224 219 231 210  67  34  97  87 210 215  85  48
 240 200  55 110 240 240 240 200  63  44  36  62 232 240  97  46
 240 232 213 178 120 154 240 203  54  82 194 212 234 236 106  47
 240 240 240 178  45  84 240 227  54  87 240 240 240 239 101  49
 240 240 240 179  56 140 240 229  57  61 240 240 240 240  77  50
 240 240 240 169  56 134 240 235  59  62 240 240 240 240  72  49
 240 207 153  98  51 133 240 210  62  69 240 240 240 240  83  49
 240 173  31  33  51 110 240 198  64 103 240 240 240 240 101  49
 176 172 159 132  48  71 178 153  44  92 237 240 240 236 110  49
  23 150 240 206  48  33  20  22  47  87 240 240 240 240  98  50
 145 211 240 177  52  77 136 106  48  66 240 240 240 240  79  49
 240 237 240 173  55 146 240 220  57  75 240 240 240 240  65  49
 240 239 239 150  55 137 240 203  58  64 240 240 240 240  79  48

  57  56  55  56  59  55  56  62  61  60  60  63  58  62  60  60
  88  82  60  96  93  78  89 112 116 102  91  75  97 109 116  89
 240 141  56 194 240 240 240 240 240 240 240 240 240 240 240 240
 240 155 113 180 240 240 240 240 240 240 240 240 240 240 240 240
 240 233 239 147  52 172 240 240 240 240 240 240 240 240 240 240
 240 240 240 145  53 168 240 240 240 240 240 240 240 240 240 240
  84 112 102  72  57  86  77 110 101 101  81  87  83 111  99 100
  86  66  60  68  66  76  76  83  71  69  64  68  61  66  65  65
 198 122  61 197 240 240 199 201 206 231 240 221  48 103 204 211
 240 128  58 198 240 240 240 240 240 240 240 210  57 116 240 240
 102  65  66 202 240 194 130  99  99  96 139 136  59  79 115 101
  65  62  60 196 240 151  58  63  61  61  63  64  67  66  61  62
 199 111  61 133 150 177 196 199 209 169  51 114 187 196 197 207
 240 136  57  70  75 181 240 240 240 185  45 121 240 240 240 240
 240 145  64 179 169 219 240 240 240 214 165 179 139 168 240 240
 240 131  61 199 240 240 240 240 240 240 240 208  67 121 240 240
  46  48  48  46  46  48  48  48  50  49  48  48  50  50  49  48
 107  55  45  93  97  98 100  96 105 103  99  99  99 100  99  87
 240  75  38 213 240 240 240 240 240 240 240 240 240 239 240 240
 240 100  84 202 238 239 240 240 240 240 240 240 240 240 240 240
 240 235 236  83  52 201 240 240 240 240 240 240 240 240 240 240
 240 240 240  93  34 187 240 240 240 240 240 239 240 240 240 240
  77  82  78  48  45  83  78  87  81  82  91  84  84  94  91  81
  63  49  49  64  67  64  63  66  66  68  64  55  45  54  61  58
 222  57  48 220 230 234 217 226 229 220 219 176  21 104 230 216
 240  69  45 228 240 240 240 240 240 240 240 178  20 130 238 240
 110  54  52 216 240 154 102 123 113 112 127  98  36  74 134 119
  58  51  49 223 240 120  47  54  55  50  49  53  56  54  53  52
 221  71  43 129 137 175 200 209 206 119  36 128 202 195 200 186
 240  93  45  53  58 212 240 240 240 151  31 157 240 240 240 240
 240  60  49 204 194 231 240 240 240 205 171 195 141 198 240 240
 240  63  48 227 240 240 240 240 240 240 240 179  25 140 238 240
  50  47  44  48  46  47  49  50  49  49  49  49  50  49  49  48
 109  42  42  85  97 106 101  77  72  83 101 110  98  79  65  79
 239  80  41 215 240 236 239 240 240 240 240 236 240 240 240 240
 240 101  52 210 232 234 240 240 240 240 240 240 240 240 240 240
 240 237 240  87  62 212 240 240 240 240 240 240 240 240 240 240
 240 240 240  97  36 194 240 240 240 240 240 237 240 240 240 240
  73  53  59  34  44  82  87  61  62  69 103  92  87  66  75  64
  53  42  47  67  63  54  54  57  59  62  64  44  47  48  57  58
 237  58  49 210 200 203 227 229 235 210 198 153  22 106 220 203
 240  76  45 231 240 240 240 240 240 240 240 178  20 136 240 240
 116  46  53 219 240 154  84 140 134 133 110  71  33  77 146 137
  55  51  53 224 240 120  45  56  56  51  51  48  48  52  55  55
 208  62  44 116 110 178 178 179 169  98  33 132 206 177 173 150
 240  90  47  54  55 213 240 240 240 153  31 159 240 240 240 239
 240  60  50 193 200 232 240 240 240 207 173 172 150 211 237 239
 240  70  46 229 240 240 240 240 240 240 240 176  23 145 240 240

  60  89 240 240 240 240 100  65 211 240 101  62 207 240 240 240
  60 116 240 240 240 240  99  65 204 240 115  61 197 240 240 240
  62 109 240 240 240 240 111  66 103 116  79  66 196 240 168 121
  58  97 240 240 240 240  83  61  48  57  59  67 187 240 139  67
  63  75 240 240 240 240  87  68 221 210 136  64 114 121 179 208
  60  91 240 240 240 240  81  64 240 240 139  63  51  45 165 240
  60 102 240 240 240 240 101  69 231 240  96  61 169 185 214 240
  61 116 240 240 240 240 101  71 206 240  99  61 209 240 240 240
  62 112 240 240 240 240 110  83 201 240  99  63 199 240 240 240
  56  89 240 240 240 240  77  76 199 240 130  58 196 240 240 240
  55  78 240 240 172 168  86  76 240 240 194 151 177 181 219 240
  59  93 240 240  52  53  57  66 240 240 240 240 150  75 169 240
  56  96 194 180 147 145  72  68 197 198 202 196 133  70 179 199
  55  60  56 113 239 240 102  60  61  58  66  60  61  57  64  61
  56  82 141 155 233 240 112  66 122 128  65  62 111 136 145 131
  57  88 240 240 240 240  84  86 198 240 102  65 199 240 240 240
  48  87 240 240 240 240  81  58 216 240 119  52 186 240 240 240
  49  99 240 240 240 240  91  61 230 238 134  53 200 240 240 238
  50 100 239 240 240 240  94  54 104 130  74  54 195 240 198 140
  50  99 240 240 240 240  84  45  21  20  36  56 202 240 141  25
  48  99 240 240 240 239  84  55 176 178  98  53 128 157 195 179
  48  99 240 240 240 240  91  64 219 240 127  49  36  31 171 240
  49 103 240 240 240 240  82  68 220 240 112  50 119 151 205 240
  50 105 240 240 240 240  81  66 229 240 113  55 206 240 240 240
  48  96 240 240 240 240  87  66 226 240 123  54 209 240 240 240
  48 100 240 240 240 240  78  63 217 240 102  47 200 240 240 240
  48  98 240 239 201 187  83  64 234 240 154 120 175 212 231 240
  46  97 240 238  52  34  45  67 230 240 240 240 137  58 194 240
  46  93 213 202  83  93  48  64 220 228 216 223 129  53 204 227
  48  45  38  84 236 240  78  49  48  45  52  49  43  45  49  48
  48  55  75 100 235 240  82  49  57  69  54  51  71  93  60  63
  46 107 240 240 240 240  77  63 222 240 110  58 221 240 240 240
  48  79 240 240 240 240  64  58 203 240 137  55 150 239 239 240
  49  65 240 240 240 240  75  57 220 240 146  55 173 240 237 240
  49  79 240 240 240 240  66  48 106 136  77  52 177 240 211 145
  50  98 240 240 240 240  87  47  22  20  33  48 206 240 150  23
  49 110 236 240 240 237  92  44 153 178  71  48 132 159 172 176
  49 101 240 240 240 240 103  64 198 240 110  51  33  31 173 240
  49  83 240 240 240 240  69  62 210 240 133  51  98 153 207 240
  49  72 240 240 240 240  62  59 235 240 134  56 169 240 240 240
  50  77 240 240 240 240  61  57 229 240 140  56 179 240 240 240
  49 101 239 240 240 240  87  54 227 240  84  45 178 240 240 240
  47 106 236 234 212 194  82  54 203 240 154 120 178 213 232 240
  46  97 240 232  62  36  44  63 200 240 240 240 110  55 200 240
  48  85 215 210  87  97  34  67 210 231 219 224 116  54 193 229
  44  42  41  52 240 240  59  47  49  45  53  53  44  47  50  46
  47  42  80 101 237 240  53  42  58  76  46  51  62  90  60  70
  50 109 239 240 240 240  73  53 237 240 116  55 208 240 240 240

