 240 240 240 240 240 172  53  52  79 109 240 236 232 240 224 232
  94 233 240 240 240 219 227 240 213 232 240 221  85  55  82  76
  48 230 240 240 240 240 240 240 240 240 240 211  61  56  56  54
  47 229 240 158 108 204 240 240 240 240 240 230 212 229  61  52
  40 227 240 135  44 194 240 240 240 240 240 240 240 228  65  58
  48 149 154  90  44 203 240 240 240 197 116 117 125 104  59  60
  61  63  64  64  43 192 240 240 240 191  58  62  62  58  57  63
 127  82  49 141 125 174 156 164 176 151 166 174  58  53 191 177
 240 117  39 205 240 151  61  58  56 101 240 221  61  69 240 238
 240 123  41 193 240 165  60  57  59  99 194 177  62  75 240 240
 240 131  45 175 240 172  64  61  61  57  60  63  58  59 240 240
 220 138  42 149 215 177  53  91 108  64  57  58  57  55 238 205
  81 175 240 174  85 129 240 240 236 220  63  56  59  52  61  58
  52 157 240 185  58 123 240 240 240 228  65  50  45  71  61  54
  57 148 240 194  61 106 240 240 240 232  65  50 239 240  96  56
  55 142 240 198  60  93 240 240 240 231  70  52 237 240 104  57
 207 205 206 206 212 168  35  34  38  53 199 201 200 198 196 219
  70 168 206 199 209 197 176 182 179 189 203 218  60  60  58  52
  14 158 202 207 203 206 207 206 207 197 202 213  38  47  35  32
  17 161 218 171  85 124 206 207 208 202 203 200 176 213  53  32
  11 161 216 145  23 112 208 204 208 207 202 200 200 231  59  33
  23 112 145  80  23 124 205 205 205 214 108  97  97 104  38  33
  38  33  38  33  23 107 208 204 206 206  40  34  33  33  32  33
 109  69  25  77  97 129 151 149 143 126 121 150  35  14 123 155
 221 114  24 130 211 158  36  40  36  48 206 225  39   7 193 220
 220 123  19 126 209 167  35  32  34  42 173 193  42  15 184 223
 223 130  24 105 205 170  39  34  34  34  38  36  32   9 177 219
 209 147  40  94 200 183  53  47  54  57  35  32  33  11 174 205
  47 103 195 172  54  62 193 197 196 226  41  32  33  33  44  43
  29  95 210 189  37  57 204 204 206 232  46  31  36  42  35  33
  31  89 207 195  40  44 204 201 203 224  56  10 170 207  95  32
  30  79 206 197  40  35 200 204 202 231  72  13 177 217  98  32
 207 208 209 209 216 165  50  44  28  61 206 212 203 186 213 217
  82 180 209 209 209 207 177 177 201 198 205 222  52  69  48  50
  18 171 210 208 207 207 208 207 208 208 205 218  43  58  36  33
  16 168 217 171  91 126 209 208 204 205 203 206 193 205  53  35
  14 170 220 148  28 116 208 209 208 203 205 204 201 231  60  35
  27  96 134  81  27 130 206 206 210 208 113 100  79  93  41  35
  45  40  47  46  29 120 208 207 208 208  48  40  38  38  38  39
 111  70  29  69 108 142 155 150 132 129 117 137  40  17 113 151
 222 116  28 138 210 158  42  45  39  50 204 226  45  12 198 219
 223 127  26 129 211 170  39  38  39  46 172 195  46  18 188 222
 223 133  28 110 210 172  42  40  37  41  40  40  38  13 183 218
 226 156  60  99 215 189  71  35  33  62  39  34  36  13 155 213
  42 112 190 175  48  68 186 191 202 224  42  35  36  39  44  48
  32  96 208 190  42  66 205 203 203 227  49  32  52  36  38  35
  34  93 207 198  42  49 197 201 203 221  61  12 157 199  97  33
  35  83 207 196  44  38 201 204 197 227  77  14 184 212  99  36

 232  76  54  52  58  60  63 177 238 240 240 205  58  54  56  57
 224  82  56  61  65  59  57 191 240 240 240 238  61  61  96 104
 240  55  56 229 228 104  58  53  69  75  59  55  52  71 240 240
 232  85  61 212 240 125  62  58  61  62  58  57  59  45 239 237
 236 221 211 230 240 117  62 174 221 177  63  58  56  50  50  52
 240 240 240 240 240 116  58 166 240 194  60  57  63  65  65  70
 109 232 240 240 240 197 191 151 101  99  57  64 220 228 232 231
  79 213 240 240 240 240 240 176  56  59  61 108 236 240 240 240
  52 240 240 240 240 240 240 164  58  57  61  91 240 240 240 240
  53 227 240 240 240 240 240 156  61  60  64  53 240 240 240 240
 172 219 240 204 194 203 192 174 151 165 172 177 129 123 106  93
 240 240 240 108  44  44  43 125 240 240 240 215  85  58  61  60
 240 240 240 158 135  90  64 141 205 193 175 149 174 185 194 198
 240 240 240 240 240 154  64  49  39  41  45  42 240 240 240 240
 240 233 230 229 227 149  63  82 117 123 131 138 175 157 148 142
 240  94  48  47  40  48  61 127 240 240 240 220  81  52  57  55
 219  52  32  32  33  33  33 155 220 223 219 205  43  33  32  32
 196  58  35  53  59  38  32 123 193 184 177 174  44  35  95  98
 198  60  47 213 231 104  33  14   7  15   9  11  33  42 207 217
 200  60  38 176 200  97  33  35  39  42  32  33  33  36 170 177
 201 218 213 200 200  97  34 150 225 193  36  32  32  31  10  13
 199 203 202 203 202 108  40 121 206 173  38  35  41  46  56  72
  53 189 197 202 207 214 206 126  48  42  34  57 226 232 224 231
  38 179 207 208 208 205 206 143  36  34  34  54 196 206 203 202
  34 182 206 207 204 205 204 149  40  32  34  47 197 204 201 204
  35 176 207 206 208 205 208 151  36  35  39  53 193 204 204 200
 168 197 206 124 112 124 107 129 158 167 170 183  62  57  44  35
 212 209 203  85  23  23  23  97 211 209 205 200  54  37  40  40
 206 199 207 171 145  80  33  77 130 126 105  94 172 189 195 197
 206 206 202 218 216 145  38  25  24  19  24  40 195 210 207 206
 205 168 158 161 161 112  33  69 114 123 130 147 103  95  89  79
 207  70  14  17  11  23  38 109 221 220 223 209  47  29  31  30
 217  50  33  35  35  35  39 151 219 222 218 213  48  35  33  36
 213  48  36  53  60  41  38 113 198 188 183 155  44  38  97  99
 186  69  58 205 231  93  38  17  12  18  13  13  39  36 199 212
 203  52  43 193 201  79  38  40  45  46  38  36  36  52 157 184
 212 222 218 206 204 100  40 137 226 195  40  34  35  32  12  14
 206 205 205 203 205 113  48 117 204 172  40  39  42  49  61  77
  61 198 208 205 203 208 208 129  50  46  41  62 224 227 221 227
  28 201 208 204 208 210 208 132  39  39  37  33 202 203 203 197
  44 177 207 208 209 206 207 150  45  38  40  35 191 203 201 204
  50 177 208 209 208 206 208 155  42  39  42  71 186 205 197 201
 165 207 207 126 116 130 120 142 158 170 172 189  68  66  49  38
 216 209 207  91  28  27  29 108 210 211 210 215  48  42  42  44
 209 209 208 171 148  81  46  69 138 129 110  99 175 190 198 196
 209 209 210 217 220 134  47  29  28  26  28  60 190 208 207 207
 208 180 171 168 170  96  40  70 116 127 133 156 112  96  93  83
 207  82  18  16  14  27  45 111 222 223 223 226  42  32  34  35

  57 104 240 237  52  70 231 240 240 240  93  60 198 240 142  55
  56  96 240 239  50  65 232 240 240 240 106  61 194 240 148  57
  54  61  71  45  50  65 228 240 240 240 123  58 185 240 157  52
  58  61  52  59  56  63 220 236 240 240 129  85 174 240 175  81
 205 238  55  57  58  57  64 108  91  53 177 215 149  42 138 220
 240 240  59  58  63  60  57  61  61  64 172 240 175  45 131 240
 240 240  75  62 177 194  99  59  57  60 165 240 193  41 123 240
 238 240  69  61 221 240 101  56  58  61 151 240 205  39 117 240
 177 191  53  58 174 166 151 176 164 156 174 125 141  49  82 127
  63  57  58  62  62  58 191 240 240 240 192  43  64  64  63  61
  60  59 104 125 117 116 197 240 240 240 203  44  90 154 149  48
  58  65 228 240 240 240 240 240 240 240 194  44 135 240 227  40
  52  61 229 212 230 240 240 240 240 240 204 108 158 240 229  47
  54  56  56  61 211 240 240 240 240 240 240 240 240 240 230  48
  76  82  55  85 221 240 232 213 240 227 219 240 240 240 233  94
 232 224 240 232 236 240 109  79  52  53 172 240 240 240 240 240
  32  98 217 177  13  72 231 202 204 200  35  40 197 206  79  30
  32  95 207 170  10  56 224 203 201 204  44  40 195 207  89  31
  33  35  42  36  31  46 232 206 204 204  57  37 189 210  95  29
  43  44  33  33  32  41 226 196 197 193  62  54 172 195 103  47
 205 174  11  33  32  35  57  54  47  53 183 200  94  40 147 209
 219 177   9  32  36  38  34  34  34  39 170 205 105  24 130 223
 223 184  15  42 193 173  42  34  32  35 167 209 126  19 123 220
 220 193   7  39 225 206  48  36  40  36 158 211 130  24 114 221
 155 123  14  35 150 121 126 143 149 151 129  97  77  25  69 109
  33  32  33  33  34  40 206 206 204 208 107  23  33  38  33  38
  33  38 104  97  97 108 214 205 205 205 124  23  80 145 112  23
  33  59 231 200 200 202 207 208 204 208 112  23 145 216 161  11
  32  53 213 176 200 203 202 208 207 206 124  85 171 218 161  17
  32  35  47  38 213 202 197 207 206 207 206 203 207 202 158  14
  52  58  60  60 218 203 189 179 182 176 197 209 199 206 168  70
 219 196 198 200 201 199  53  38  34  35 168 212 206 206 205 207
  36  99 212 184  14  77 227 197 204 201  38  44 196 207  83  35
  33  97 199 157  12  61 221 203 201 197  49  42 198 207  93  34
  35  38  36  52  32  49 227 203 203 205  66  42 190 208  96  32
  48  44  39  36  35  42 224 202 191 186  68  48 175 190 112  42
 213 155  13  36  34  39  62  33  35  71 189 215  99  60 156 226
 218 183  13  38  40  40  41  37  40  42 172 210 110  28 133 223
 222 188  18  46 195 172  46  39  38  39 170 211 129  26 127 223
 219 198  12  45 226 204  50  39  45  42 158 210 138  28 116 222
 151 113  17  40 137 117 129 132 150 155 142 108  69  29  70 111
  39  38  38  38  40  48 208 208 207 208 120  29  46  47  40  45
  35  41  93  79 100 113 208 210 206 206 130  27  81 134  96  27
  35  60 231 201 204 205 203 208 209 208 116  28 148 220 170  14
  35  53 205 193 206 203 205 204 208 209 126  91 171 217 168  16
  33  36  58  43 218 205 208 208 207 208 207 207 208 210 171  18
  50  48  69  52 222 205 198 201 177 177 207 209 209 209 180  82
 217 213 186 203 212 206  61  28  44  50 165 216 209 209 208 207

  55  57  52  81 220 240 240 240 127  61  48  40  47  48  94 240
 142 148 157 175 138 131 123 117  82  63 149 227 229 230 233 240
 240 240 240 240  42  45  41  39  49  64 154 240 240 240 240 240
 198 194 185 174 149 175 193 205 141  64  90 135 158 240 240 240
  60  61  58  85 215 240 240 240 125  43  44  44 108 240 240 240
  93 106 123 129 177 172 165 151 174 192 203 194 204 240 219 172
 240 240 240 240  53  64  60  61 156 240 240 240 240 240 227  53
 240 240 240 240  91  61  57  58 164 240 240 240 240 240 240  52
 240 240 240 236 108  61  59  56 176 240 240 240 240 240 213  79
 231 232 228 220  64  57  99 101 151 191 197 240 240 240 232 109
  70  65  65  63  57  60 194 240 166  58 116 240 240 240 240 240
  52  50  50  56  58  63 177 221 174  62 117 240 230 211 221 236
 237 239  45  59  57  58  62  61  58  62 125 240 212  61  85 232
 240 240  71  52  55  59  75  69  53  58 104 228 229  56  55 240
 104  96  61  61 238 240 240 240 191  57  59  65  61  56  82 224
  57  56  54  58 205 240 240 238 177  63  60  58  52  54  76 232
  30  31  29  47 209 223 220 221 109  38  23  11  17  14  70 207
  79  89  95 103 147 130 123 114  69  33 112 161 161 158 168 205
 206 207 210 195  40  24  19  24  25  38 145 216 218 202 206 206
 197 195 189 172  94 105 126 130  77  33  80 145 171 207 199 206
  40  40  37  54 200 205 209 211  97  23  23  23  85 203 209 212
  35  44  57  62 183 170 167 158 129 107 124 112 124 206 197 168
 200 204 204 193  53  39  35  36 151 208 205 208 206 207 176  35
 204 201 204 197  47  34  32  40 149 204 205 204 207 206 182  34
 202 203 206 196  54  34  34  36 143 206 205 208 208 207 179  38
 231 224 232 226  57  34  42  48 126 206 214 207 202 197 189  53
  72  56  46  41  35  38 173 206 121  40 108 202 203 202 203 199
  13  10  31  32  32  36 193 225 150  34  97 200 200 213 218 201
 177 170  36  33  33  32  42  39  35  33  97 200 176  38  60 200
 217 207  42  33  11   9  15   7  14  33 104 231 213  47  60 198
  98  95  35  44 174 177 184 193 123  32  38  59  53  35  58 196
  32  32  33  43 205 219 223 220 155  33  33  33  32  32  52 219
  35  34  32  42 226 223 223 222 111  45  27  14  16  18  82 207
  83  93  96 112 156 133 127 116  70  40  96 170 168 171 180 208
 207 207 208 190  60  28  26  28  29  47 134 220 217 210 209 209
 196 198 190 175  99 110 129 138  69  46  81 148 171 208 209 209
  44  42  42  48 215 210 211 210 108  29  27  28  91 207 209 216
  38  49  66  68 189 172 170 158 142 120 130 116 126 207 207 165
 201 197 205 186  71  42  39  42 155 208 206 208 209 208 177  50
 204 201 203 191  35  40  38  45 150 207 206 209 208 207 177  44
 197 203 203 202  33  37  39  39 132 208 210 208 204 208 201  28
 227 221 227 224  62  41  46  50 129 208 208 203 205 208 198  61
  77  61  49  42  39  40 172 204 117  48 113 205 203 205 205 206
  14  12  32  35  34  40 195 226 137  40 100 204 206 218 222 212
 184 157  52  36  36  38  46  45  40  38  79 201 193  43  52 203
 212 199  36  39  13  13  18  12  17  38  93 231 205  58  69 186
  99  97  38  44 155 183 188 198 113  38  41  60  53  36  48 213
  36  33  35  48 213 218 222 219 151  39  35  35  35  33  50 217

