  67  67  66  68  72  49 168 240 187  68  69  66 134 240 217  73
  70  42 175 197 162 149 215 240 208 144 162  69 126 163 167 179
  69  69 228 240 240 240 240 240 240 240 197  75  71  70 104 240
 189 184 192 150 231 240 213 162 206 240 188  75  96 160 174 240
 237 240 136  47 205 240 184  60 162 240 205  71 139 240 240 240
 183 179 111  57 145 175 196 145 199 240 214 146 168 194 207 240
  68  69  68  63  68  48 186 240 240 240 240 240 201  77  98 240
  66  65  62  67  68  51 141 221 205 200 224 240 227  73 117 240
  64  67  67  64  64  64  72  70  63  72 130 240 215  67 127 240
  64  66  62  64  64  64  72  63  77  90 170 240 207 102 131 240
  69  67  68  66  66  64  72  53 157 240 240 240 240 240 226  84
 117  90  95 104  93  91  98 100 194 240 238 213 240 240 213  67
 240 240 240 240 240 240 240 240 240 240 176 104  90  74  78  69
 240 240 240 240 240 240 240 240 240 238 188 102 101  68  65 108
 240 240 240 240 240 240 240 240 199  97 174 240 186  65 122 240
 240 240 240 240 240 240 240 240 166  55 184 240 179  62 138 240
  49  51  49  50  50  37 141 240 198  52  49  46  70 240 236  56
  51  31 132 176 171 172 202 240 225 176 151  47  56 179 161 157
  52  23 194 240 240 240 240 240 240 240 225  52  50  52  66 240
 159 151 189 173 211 240 227 180 188 240 207  55  57 151 153 240
 238 240 146  34 176 240 190  48 119 240 221  53  61 240 240 240
 181 199 113  38 140 195 180 145 175 240 221 142 150 203 192 240
  52  53  49  48  54  38 160 240 240 240 240 240 222  70  68 240
  48  47  50  50  48  38 123 212 220 212 207 240 237  59  62 240
  48  49  49  50  48  49  55  61  60  52  88 240 237  59  76 240
  49  46  48  49  48  48  48  46  71  95 134 240 240 102 101 232
  48  49  48  51  50  50  51  39 128 240 240 240 240 240 235  76
  90  86  90  85  86  91  90  80 143 240 239 233 240 239 234  57
 240 240 240 240 240 240 240 240 240 240 209  82  83  83  78  53
 239 240 240 240 240 240 240 240 239 239 215  75  85  51  48  75
 240 240 240 240 240 240 240 240 201  79 128 240 208  52  85 239
 240 240 240 240 240 240 240 240 180  40 127 240 211  48  73 240
  51  50  52  54  53  34 141 240 194  53  49  44  75 240 235  59
  54  30 119 159 181 189 206 240 225 196 145  49  43 159 168 140
  51  23 195 240 240 240 240 240 240 240 223  57  47  50  68 240
 133 134 174 164 212 240 220 178 191 240 209  60  46 157 165 240
 236 240 148  34 175 240 194  43 118 240 222  55  63 240 240 240
 176 202 117  38 131 194 180 154 176 240 230 146 141 194 180 240
  52  52  54  49  52  38 157 240 240 240 240 240 222  67  71 240
  49  50  51  52  51  37 117 193 195 214 208 240 239  58  62 240
  50  48  45  53  48  47  50  59  58  50  91 240 228  60  72 240
  49  51  48  53  49  51  52  48  62 113 134 240 238 106  99 205
  49  48  50  52  51  51  50  40 129 240 240 240 240 240 239  75
  73  91  93  67  80  96  89  68 149 240 240 240 224 208 235  56
 239 240 240 240 240 240 240 240 240 240 213  70  71  85  77  52
 238 240 240 240 240 240 240 240 240 240 225  54  74  52  39  45
 240 240 240 240 240 240 240 240 193  66 131 240 209  53  87 239
 240 240 240 240 240 240 240 240 183  40 125 240 214  51  76 238

  73 179 240 240 240 240 240 240 240 240  84  67  69 108 240 240
 217 167 104 174 240 207  98 117 127 131 226 213  78  65 122 138
 240 163  70 160 240 194  77  73  67 102 240 240  74  68  65  62
 134 126  71  96 139 168 201 227 215 207 240 240  90 101 186 179
  66  69  75  75  71 146 240 240 240 240 240 213 104 102 240 240
  69 162 197 188 205 214 240 224 130 170 240 238 176 188 174 184
  68 144 240 240 240 240 240 200  72  90 240 240 240 238  97  55
 187 208 240 206 162 199 240 205  63  77 157 194 240 240 199 166
 240 240 240 162  60 145 240 221  70  63  53 100 240 240 240 240
 168 215 240 213 184 196 186 141  72  72  72  98 240 240 240 240
  49 149 240 240 240 175  48  51  64  64  64  91 240 240 240 240
  72 162 240 231 205 145  68  68  64  64  66  93 240 240 240 240
  68 197 240 150  47  57  63  67  64  64  66 104 240 240 240 240
  66 175 228 192 136 111  68  62  67  62  68  95 240 240 240 240
  67  42  69 184 240 179  69  65  67  66  67  90 240 240 240 240
  67  70  69 189 237 183  68  66  64  64  69 117 240 240 240 240
  56 157 240 240 240 240 240 240 240 232  76  57  53  75 239 240
 236 161  66 153 240 192  68  62  76 101 235 234  78  48  85  73
 240 179  52 151 240 203  70  59  59 102 240 239  83  51  52  48
  70  56  50  57  61 150 222 237 237 240 240 240  83  85 208 211
  46  47  52  55  53 142 240 240 240 240 240 233  82  75 240 240
  49 151 225 207 221 221 240 207  88 134 240 239 209 215 128 127
  52 176 240 240 240 240 240 212  52  95 240 240 240 239  79  40
 198 225 240 188 119 175 240 220  60  71 128 143 240 239 201 180
 240 240 240 180  48 145 240 212  61  46  39  80 240 240 240 240
 141 202 240 227 190 180 160 123  55  48  51  90 240 240 240 240
  37 172 240 240 240 195  38  38  49  48  50  91 240 240 240 240
  50 171 240 211 176 140  54  48  48  48  50  86 240 240 240 240
  50 176 240 173  34  38  48  50  50  49  51  85 240 240 240 240
  49 132 194 189 146 113  49  50  49  48  48  90 240 240 240 240
  51  31  23 151 240 199  53  47  49  46  49  86 240 240 240 240
  49  51  52 159 238 181  52  48  48  49  48  90 240 239 240 240
  59 140 240 240 240 240 240 240 240 205  75  56  52  45 239 238
 235 168  68 165 240 180  71  62  72  99 239 235  77  39  87  76
 240 159  50 157 240 194  67  58  60 106 240 208  85  52  53  51
  75  43  47  46  63 141 222 239 228 238 240 224  71  74 209 214
  44  49  57  60  55 146 240 240 240 240 240 240  70  54 240 240
  49 145 223 209 222 230 240 208  91 134 240 240 213 225 131 125
  53 196 240 240 240 240 240 214  50 113 240 240 240 240  66  40
 194 225 240 191 118 176 240 195  58  62 129 149 240 240 193 183
 240 240 240 178  43 154 240 193  59  48  40  68 240 240 240 240
 141 206 240 220 194 180 157 117  50  52  50  89 240 240 240 240
  34 189 240 240 240 194  38  37  47  51  51  96 240 240 240 240
  53 181 240 212 175 131  52  51  48  49  51  80 240 240 240 240
  54 159 240 164  34  38  49  52  53  53  52  67 240 240 240 240
  52 119 195 174 148 117  54  51  45  48  50  93 240 240 240 240
  50  30  23 134 240 202  52  50  48  51  48  91 240 240 240 240
  51  54  51 133 236 176  52  49  50  49  49  73 239 238 240 240

 240 138  62 179 240 184  55 166 240 240 240 240 240 240 240 240
 240 122  65 186 240 174  97 199 240 240 240 240 240 240 240 240
 108  65  68 101 102 188 238 240 240 240 240 240 240 240 240 240
  69  78  74  90 104 176 240 240 240 240 240 240 240 240 240 240
  67 213 240 240 213 238 240 194 100  98  91  93 104  95  90 117
  84 226 240 240 240 240 240 157  53  72  64  66  66  68  67  69
 240 131 102 207 240 170  90  77  63  72  64  64  64  62  66  64
 240 127  67 215 240 130  72  63  70  72  64  64  64  67  67  64
 240 117  73 227 240 224 200 205 221 141  51  68  67  62  65  66
 240  98  77 201 240 240 240 240 240 186  48  68  63  68  69  68
 240 207 194 168 146 214 240 199 145 196 175 145  57 111 179 183
 240 240 240 139  71 205 240 162  60 184 240 205  47 136 240 237
 240 174 160  96  75 188 240 206 162 213 240 231 150 192 184 189
 240 104  70  71  75 197 240 240 240 240 240 240 240 228  69  69
 179 167 163 126  69 162 144 208 240 215 149 162 197 175  42  70
  73 217 240 134  66  69  68 187 240 168  49  72  68  66  67  67
 240  73  48 211 240 127  40 180 240 240 240 240 240 240 240 240
 239  85  52 208 240 128  79 201 240 240 240 240 240 240 240 240
  75  48  51  85  75 215 239 239 240 240 240 240 240 240 240 239
  53  78  83  83  82 209 240 240 240 240 240 240 240 240 240 240
  57 234 239 240 233 239 240 143  80  90  91  86  85  90  86  90
  76 235 240 240 240 240 240 128  39  51  50  50  51  48  49  48
 232 101 102 240 240 134  95  71  46  48  48  48  49  48  46  49
 240  76  59 237 240  88  52  60  61  55  49  48  50  49  49  48
 240  62  59 237 240 207 212 220 212 123  38  48  50  50  47  48
 240  68  70 222 240 240 240 240 240 160  38  54  48  49  53  52
 240 192 203 150 142 221 240 175 145 180 195 140  38 113 199 181
 240 240 240  61  53 221 240 119  48 190 240 176  34 146 240 238
 240 153 151  57  55 207 240 188 180 227 240 211 173 189 151 159
 240  66  52  50  52 225 240 240 240 240 240 240 240 194  23  52
 157 161 179  56  47 151 176 225 240 202 172 171 176 132  31  51
  56 236 240  70  46  49  52 198 240 141  37  50  50  49  51  49
 238  76  51 214 240 125  40 183 240 240 240 240 240 240 240 240
 239  87  53 209 240 131  66 193 240 240 240 240 240 240 240 240
  45  39  52  74  54 225 240 240 240 240 240 240 240 240 240 238
  52  77  85  71  70 213 240 240 240 240 240 240 240 240 240 239
  56 235 208 224 240 240 240 149  68  89  96  80  67  93  91  73
  75 239 240 240 240 240 240 129  40  50  51  51  52  50  48  49
 205  99 106 238 240 134 113  62  48  52  51  49  53  48  51  49
 240  72  60 228 240  91  50  58  59  50  47  48  53  45  48  50
 240  62  58 239 240 208 214 195 193 117  37  51  52  51  50  49
 240  71  67 222 240 240 240 240 240 157  38  52  49  54  52  52
 240 180 194 141 146 230 240 176 154 180 194 131  38 117 202 176
 240 240 240  63  55 222 240 118  43 194 240 175  34 148 240 236
 240 165 157  46  60 209 240 191 178 220 240 212 164 174 134 133
 240  68  50  47  57 223 240 240 240 240 240 240 240 195  23  51
 140 168 159  43  49 145 196 225 240 206 189 181 159 119  30  54
  59 235 240  75  44  49  53 194 240 141  34  53  54  52  50  51

 240 240 240 240 117  69  64  64  66  68 183 237 189  69  70  67
 240 240 240 240  90  67  66  67  65  69 179 240 184  69  42  67
 240 240 240 240  95  68  62  67  62  68 111 136 192 228 175  66
 240 240 240 240 104  66  64  64  67  63  57  47 150 240 197  68
 240 240 240 240  93  66  64  64  68  68 145 205 231 240 162  72
 240 240 240 240  91  64  64  64  51  48 175 240 240 240 149  49
 240 240 240 240  98  72  72  72 141 186 196 184 213 240 215 168
 240 240 240 240 100  53  63  70 221 240 145  60 162 240 240 240
 166 199 240 240 194 157  77  63 205 240 199 162 206 240 208 187
  55  97 238 240 240 240  90  72 200 240 240 240 240 240 144  68
 184 174 188 176 238 240 170 130 224 240 214 205 188 197 162  69
 240 240 102 104 213 240 240 240 240 240 146  71  75  75  69  66
 179 186 101  90 240 240 207 215 227 201 168 139  96  71 126 134
  62  65  68  74 240 240 102  67  73  77 194 240 160  70 163 240
 138 122  65  78 213 226 131 127 117  98 207 240 174 104 167 217
 240 240 108  69  67  84 240 240 240 240 240 240 240 240 179  73
 240 240 239 240  90  48  49  48  48  52 181 238 159  52  51  49
 240 240 240 240  86  49  46  49  47  53 199 240 151  23  31  51
 240 240 240 240  90  48  48  49  50  49 113 146 189 194 132  49
 240 240 240 240  85  51  49  50  50  48  38  34 173 240 176  50
 240 240 240 240  86  50  48  48  48  54 140 176 211 240 171  50
 240 240 240 240  91  50  48  49  38  38 195 240 240 240 172  37
 240 240 240 240  90  51  48  55 123 160 180 190 227 240 202 141
 240 240 240 240  80  39  46  61 212 240 145  48 180 240 240 240
 180 201 239 240 143 128  71  60 220 240 175 119 188 240 225 198
  40  79 239 240 240 240  95  52 212 240 240 240 240 240 176  52
 127 128 215 209 239 240 134  88 207 240 221 221 207 225 151  49
 240 240  75  82 233 240 240 240 240 240 142  53  55  52  47  46
 211 208  85  83 240 240 240 237 237 222 150  61  57  50  56  70
  48  52  51  83 239 240 102  59  59  70 203 240 151  52 179 240
  73  85  48  78 234 235 101  76  62  68 192 240 153  66 161 236
 240 239  75  53  57  76 232 240 240 240 240 240 240 240 157  56
 240 240 238 239  73  49  49  50  49  52 176 236 133  51  54  51
 240 240 240 240  91  48  51  48  50  52 202 240 134  23  30  50
 240 240 240 240  93  50  48  45  51  54 117 148 174 195 119  52
 240 240 240 240  67  52  53  53  52  49  38  34 164 240 159  54
 240 240 240 240  80  51  49  48  51  52 131 175 212 240 181  53
 240 240 240 240  96  51  51  47  37  38 194 240 240 240 189  34
 240 240 240 240  89  50  52  50 117 157 180 194 220 240 206 141
 240 240 240 240  68  40  48  59 193 240 154  43 178 240 240 240
 183 193 240 240 149 129  62  58 195 240 176 118 191 240 225 194
  40  66 240 240 240 240 113  50 214 240 240 240 240 240 196  53
 125 131 225 213 240 240 134  91 208 240 230 222 209 223 145  49
 240 240  54  70 240 240 240 240 240 240 146  55  60  57  49  44
 214 209  74  71 224 240 238 228 239 222 141  63  46  47  43  75
  51  53  52  85 208 240 106  60  58  67 194 240 157  50 159 240
  76  87  39  77 235 239  99  72  62  71 180 240 165  68 168 235
 238 239  45  52  56  75 205 240 240 240 240 240 240 240 140  59

