  49  48  53  50  50  45 218 240 240 240 240 240 240 240 165  49
  56  54 165 179 198 164 234 240 152 134 206 240 181 140 154 166
  59  68 239 240 240 240 240 240 123  37 183 240 154  46 159 240
  61  75 240 233 155 139 232 240 119  32 193 240 200 181 205 240
  57  73 240 227  81  49 224 240 114  32 194 240 240 240 240 240
 149 172 240 232 142 157 185 189  87  42 129 188 181 148 190 240
 240 240 240 240 240 240 101  56  49  51  50  53  53  45 159 240
 165 174 192 193 239 235 174 118 119 130  94  47  99 109 150 163
  57  59  50  50 240 240 240 240 240 240 122  37 179 240 153  51
  59  56  51  56 239 240 240 240 220 200 119  37 133 209 153 126
  62  57  59  69 240 240 240 237 108  52  55  54  53  40 160 240
 111 116 118  98 218 197 197 235 136  89  75  49  48  39 166 198
 240 240 240 226  75  63  69  47 218 240 113  51  53  57  48  59
 240 240 240 230  73  59  56  34 224 240 143  95  73  51  52  76
 240 240 240 235  77  56  59  54  62  53 209 240 139  40 180 240
 236 232 240 231  73  63  59  61  60  52 221 240 120  42 199 240
  48  48  48  48  48  18 191 240 240 240 240 240 240 240 182  45
  48  27 174 173 177 162 227 240 182 130 182 240 202 143 144 159
  49  27 239 240 240 240 240 240 137  28 151 240 170  39  99 240
  48  33 239 238 177 127 208 240 139  27 138 240 210 148 168 240
  49  40 239 240  87  21 212 240 142  29 161 240 240 240 240 240
 151 134 240 240 164 134 182 176  97  36 118 173 172 177 182 240
 240 240 240 240 240 240 115  51  47  47  47  48  49  41 106 240
 187 189 191 170 236 240 169 127 129 133 106  39  81 123 145 189
  56  50  51  16 240 240 240 240 240 240 147  33 144 240 178  51
  49  48  48  16 239 240 240 240 220 211 139  32 109 200 166 110
  48  49  49  30 239 240 240 240 129  52  49  46  46  41 110 240
 103  97  98  87 217 225 218 222 141 103  83  48  47  37 104 221
 240 240 240 240  83  60  60  27 203 240 137  48  47  44  49  55
 240 240 240 240  73  48  49  19 197 228 145  80  74  46  58  85
 240 240 240 239  79  49  49  46  59  44 178 240 157  33 121 240
 239 237 240 238  71  48  50  50  50  22 195 240 158  31 144 240
  48  47  48  48  50  20 192 240 240 240 240 240 240 239 183  46
  49  30 192 182 161 169 228 240 184 107 181 240 203 129 144 154
  49  30 236 240 240 240 240 240 138  31 153 240 172  42 102 239
  48  31 236 240 178 129 208 240 143  29 140 240 204 133 173 240
  49  38 237 237  87  20 209 239 143  30 157 240 240 240 240 240
 151 133 238 240 179 123 163 154  95  35 106 148 150 172 185 240
 240 240 240 240 240 238 116  51  46  46  47  48  49  42 109 240
 190 191 169 154 234 239 159 134 145 137 102  40  77 142 137 196
  52  49  52  19 240 240 240 240 240 240 150  34 143 240 179  48
  49  48  48  15 237 240 240 240 197 190 137  33 107 177 166 101
  50  50  49  28 235 240 240 240 129  52  49  48  45  42 110 240
  85  81  89  94 210 230 229 201 142 108  82  45  46  38  90 222
 240 240 240 239  84  57  53  24 201 240 140  48  47  45  52  57
 240 240 240 240  76  48  51  20 178 205 120  57  67  44  59 100
 240 240 240 240  82  49  49  47  51  48 176 237 155  34 118 235
 240 240 239 232  70  48  51  50  53  22 184 239 159  34 133 221

  49 166 240 240 240 240 240 163  51 126 240 198  59  76 240 240
 165 154 159 205 240 190 159 150 153 153 160 166  48  52 180 199
 240 140  46 181 240 148  45 109 240 209  40  39  57  51  40  42
 240 181 154 200 240 181  53  99 179 133  53  48  53  73 139 120
 240 240 240 240 240 188  53  47  37  37  54  49  51  95 240 240
 240 206 183 193 194 129  50  94 122 119  55  75 113 143 209 221
 240 134  37  32  32  42  51 130 240 200  52  89 240 240  53  52
 240 152 123 119 114  87  49 119 240 220 108 136 218 224  62  60
 240 240 240 240 240 189  56 118 240 240 237 235  47  34  54  61
 218 234 240 232 224 185 101 174 240 240 240 197  69  56  59  59
  45 164 240 139  49 157 240 235 240 240 240 197  63  59  56  63
  50 198 240 155  81 142 240 239 240 239 240 218  75  73  77  73
  50 179 240 233 227 232 240 193  50  56  69  98 226 230 235 231
  53 165 239 240 240 240 240 192  50  51  59 118 240 240 240 240
  48  54  68  75  73 172 240 174  59  56  57 116 240 240 240 232
  49  56  59  61  57 149 240 165  57  59  62 111 240 240 240 236
  45 159 240 240 240 240 240 189  51 110 240 221  55  85 240 240
 182 144  99 168 240 182 106 145 178 166 110 104  49  58 121 144
 240 143  39 148 240 177  41 123 240 200  41  37  44  46  33  31
 240 202 170 210 240 172  49  81 144 109  46  47  47  74 157 158
 240 240 240 240 240 173  48  39  33  32  46  48  48  80 240 240
 240 182 151 138 161 118  47 106 147 139  49  83 137 145 178 195
 240 130  28  27  29  36  47 133 240 211  52 103 240 228  44  22
 240 182 137 139 142  97  47 129 240 220 129 141 203 197  59  50
 240 240 240 240 240 176  51 127 240 240 240 222  27  19  46  50
 191 227 240 208 212 182 115 169 240 240 240 218  60  49  49  50
  18 162 240 127  21 134 240 240 240 240 240 225  60  48  49  48
  48 177 240 177  87 164 240 236 240 239 239 217  83  73  79  71
  48 173 240 238 240 240 240 170  16  16  30  87 240 240 239 238
  48 174 239 239 239 240 240 191  51  48  49  98 240 240 240 240
  48  27  27  33  40 134 240 189  50  48  49  97 240 240 240 237
  48  48  49  48  49 151 240 187  56  49  48 103 240 240 240 239
  46 154 239 240 240 240 240 196  48 101 240 222  57 100 235 221
 183 144 102 173 240 185 109 137 179 166 110  90  52  59 118 133
 239 129  42 133 240 172  42 142 240 177  42  38  45  44  34  34
 240 203 172 204 240 150  49  77 143 107  45  46  47  67 155 159
 240 240 240 240 240 148  48  40  34  33  48  45  48  57 237 239
 240 181 153 140 157 106  47 102 150 137  49  82 140 120 176 184
 240 107  31  29  30  35  46 137 240 190  52 108 240 205  48  22
 240 184 138 143 143  95  46 145 240 197 129 142 201 178  51  53
 240 240 240 240 239 154  51 134 240 240 240 201  24  20  47  50
 192 228 240 208 209 163 116 159 240 240 240 229  53  51  49  51
  20 169 240 129  20 123 238 239 240 240 240 230  57  48  49  48
  50 161 240 178  87 179 240 234 240 237 235 210  84  76  82  70
  48 182 240 240 237 240 240 154  19  15  28  94 239 240 240 232
  48 192 236 236 237 238 240 169  52  48  49  89 240 240 240 239
  47  30  30  31  38 133 240 191  49  48  50  81 240 240 240 240
  48  49  49  48  49 151 240 190  52  49  50  85 240 240 240 240

 240 199  42 120 240 221  52  60  61  59  63  73 231 240 232 236
 240 180  40 139 240 209  53  62  54  59  56  77 235 240 240 240
  76  52  51  73  95 143 240 224  34  56  59  73 230 240 240 240
  59  48  57  53  51 113 240 218  47  69  63  75 226 240 240 240
 198 166  39  48  49  75  89 136 235 197 197 218  98 118 116 111
 240 160  40  53  54  55  52 108 237 240 240 240  69  59  57  62
 126 153 209 133  37 119 200 220 240 240 240 239  56  51  56  59
  51 153 240 179  37 122 240 240 240 240 240 240  50  50  59  57
 163 150 109  99  47  94 130 119 118 174 235 239 193 192 174 165
 240 159  45  53  53  50  51  49  56 101 240 240 240 240 240 240
 240 190 148 181 188 129  42  87 189 185 157 142 232 240 172 149
 240 240 240 240 240 194  32 114 240 224  49  81 227 240  73  57
 240 205 181 200 240 193  32 119 240 232 139 155 233 240  75  61
 240 159  46 154 240 183  37 123 240 240 240 240 240 239  68  59
 166 154 140 181 240 206 134 152 240 234 164 198 179 165  54  56
  49 165 240 240 240 240 240 240 240 218  45  50  50  53  48  49
 240 144  31 158 240 195  22  50  50  50  48  71 238 240 237 239
 240 121  33 157 240 178  44  59  46  49  49  79 239 240 240 240
  85  58  46  74  80 145 228 197  19  49  48  73 240 240 240 240
  55  49  44  47  48 137 240 203  27  60  60  83 240 240 240 240
 221 104  37  47  48  83 103 141 222 218 225 217  87  98  97 103
 240 110  41  46  46  49  52 129 240 240 240 239  30  49  49  48
 110 166 200 109  32 139 211 220 240 240 240 239  16  48  48  49
  51 178 240 144  33 147 240 240 240 240 240 240  16  51  50  56
 189 145 123  81  39 106 133 129 127 169 240 236 170 191 189 187
 240 106  41  49  48  47  47  47  51 115 240 240 240 240 240 240
 240 182 177 172 173 118  36  97 176 182 134 164 240 240 134 151
 240 240 240 240 240 161  29 142 240 212  21  87 240 239  40  49
 240 168 148 210 240 138  27 139 240 208 127 177 238 239  33  48
 240  99  39 170 240 151  28 137 240 240 240 240 240 239  27  49
 159 144 143 202 240 182 130 182 240 227 162 177 173 174  27  48
  45 182 240 240 240 240 240 240 240 191  18  48  48  48  48  48
 221 133  34 159 239 184  22  53  50  51  48  70 232 239 240 240
 235 118  34 155 237 176  48  51  47  49  49  82 240 240 240 240
 100  59  44  67  57 120 205 178  20  51  48  76 240 240 240 240
  57  52  45  47  48 140 240 201  24  53  57  84 239 240 240 240
 222  90  38  46  45  82 108 142 201 229 230 210  94  89  81  85
 240 110  42  45  48  49  52 129 240 240 240 235  28  49  50  50
 101 166 177 107  33 137 190 197 240 240 240 237  15  48  48  49
  48 179 240 143  34 150 240 240 240 240 240 240  19  52  49  52
 196 137 142  77  40 102 137 145 134 159 239 234 154 169 191 190
 240 109  42  49  48  47  46  46  51 116 238 240 240 240 240 240
 240 185 172 150 148 106  35  95 154 163 123 179 240 238 133 151
 240 240 240 240 240 157  30 143 239 209  20  87 237 237  38  49
 240 173 133 204 240 140  29 143 240 208 129 178 240 236  31  48
 239 102  42 172 240 153  31 138 240 240 240 240 240 236  30  49
 154 144 129 203 240 181 107 184 240 228 169 161 182 192  30  49
  46 183 239 240 240 240 240 240 240 192  20  50  48  48  47  48

 236 240 240 240 111  62  59  57 165 240 149  57  61  59  56  49
 232 240 240 240 116  57  56  59 174 240 172  73  75  68  54  48
 240 240 240 240 118  59  51  50 192 240 240 240 240 239 165  53
 231 235 230 226  98  69  56  50 193 240 232 227 233 240 179  50
  73  77  73  75 218 240 239 240 239 240 142  81 155 240 198  50
  63  56  59  63 197 240 240 240 235 240 157  49 139 240 164  45
  59  59  56  69 197 240 240 240 174 101 185 224 232 240 234 218
  61  54  34  47 235 237 240 240 118  56 189 240 240 240 240 240
  60  62 224 218 136 108 220 240 119  49  87 114 119 123 152 240
  52  53 240 240  89  52 200 240 130  51  42  32  32  37 134 240
 221 209 143 113  75  55 119 122  94  50 129 194 193 183 206 240
 240 240  95  51  49  54  37  37  47  53 188 240 240 240 240 240
 120 139  73  53  48  53 133 179  99  53 181 240 200 154 181 240
  42  40  51  57  39  40 209 240 109  45 148 240 181  46 140 240
 199 180  52  48 166 160 153 153 150 159 190 240 205 159 154 165
 240 240  76  59 198 240 126  51 163 240 240 240 240 240 166  49
 239 240 240 240 103  48  49  56 187 240 151  49  48  49  48  48
 237 240 240 240  97  49  48  50 189 240 134  40  33  27  27  48
 240 240 240 240  98  49  48  51 191 240 240 239 239 239 174  48
 238 239 240 240  87  30  16  16 170 240 240 240 238 240 173  48
  71  79  73  83 217 239 239 240 236 240 164  87 177 240 177  48
  48  49  48  60 225 240 240 240 240 240 134  21 127 240 162  18
  50  49  49  60 218 240 240 240 169 115 182 212 208 240 227 191
  50  46  19  27 222 240 240 240 127  51 176 240 240 240 240 240
  50  59 197 203 141 129 220 240 129  47  97 142 139 137 182 240
  22  44 228 240 103  52 211 240 133  47  36  29  27  28 130 240
 195 178 145 137  83  49 139 147 106  47 118 161 138 151 182 240
 240 240  80  48  48  46  32  33  39  48 173 240 240 240 240 240
 158 157  74  47  47  46 109 144  81  49 172 240 210 170 202 240
  31  33  46  44  37  41 200 240 123  41 177 240 148  39 143 240
 144 121  58  49 104 110 166 178 145 106 182 240 168  99 144 182
 240 240  85  55 221 240 110  51 189 240 240 240 240 240 159  45
 240 240 240 240  85  50  49  52 190 240 151  49  48  49  49  48
 240 240 240 240  81  50  48  49 191 240 133  38  31  30  30  47
 239 240 240 240  89  49  48  52 169 240 238 237 236 236 192  48
 232 240 240 239  94  28  15  19 154 240 240 237 240 240 182  48
  70  82  76  84 210 235 237 240 234 240 179  87 178 240 161  50
  48  49  48  57 230 240 240 240 239 238 123  20 129 240 169  20
  51  49  51  53 229 240 240 240 159 116 163 209 208 240 228 192
  50  47  20  24 201 240 240 240 134  51 154 239 240 240 240 240
  53  51 178 201 142 129 197 240 145  46  95 143 143 138 184 240
  22  48 205 240 108  52 190 240 137  46  35  30  29  31 107 240
 184 176 120 140  82  49 137 150 102  47 106 157 140 153 181 240
 239 237  57  48  45  48  33  34  40  48 148 240 240 240 240 240
 159 155  67  47  46  45 107 143  77  49 150 240 204 172 203 240
  34  34  44  45  38  42 177 240 142  42 172 240 133  42 129 239
 133 118  59  52  90 110 166 179 137 109 185 240 173 102 144 183
 221 235 100  57 222 240 101  48 196 240 240 240 240 239 154  46

