 194 240 143  53  52  52  51  44 103 240 240 240 219  60  92 240
 207 240 154 101  87  94  77  50  96 240 239 236 215  66  74 240
 205 240 240 240 240 240 202  49 103 240 218  61  58  47  63 240
 203 213 202 218 236 240 199  98 136 240 221  61  49 101  49 240
  54  65  84  62 141 240 240 233 239 240 227  65  59 236 240 240
  80 100  59  45 136 239 227 235 240 240 225  62  46 237 240 238
 196 229 160  49  40  73 104  90  70  60  73  52  41 238 240  83
 198 240 161  60  62  66  47  42  55  68  63  46  45 240 238  69
 192 240 240 240 187 199 228 238 240 186 204 228 223  83 102  56
 187 240 240 240 240 240 240 240 240 240 240 240 226  79  47  47
  71  93 110 104 108 106 103 119 103 106 110 240 235 196 220 235
  53  55  52  47  53  54  57  51  53  54  75 240 240 240 240 240
 150 184 198 210 219 183 184 200 174  59  52 113 113 139 124 232
 207 240 240 240 240 240 240 240 203  67  51  54  53  55  68 230
 105 147 143 134 127 131 156 153 157 189 179 181 172  61  47 139
  55  57  52  50  55  59  59  48 104 240 240 240 220  65  54  53
 158 240 177  41  36  35  39  32  30 238 233 233 240  52  39 215
 156 240 178  86  79  83  94  36  28 237 238 218 226  60  22 218
 143 240 240 236 236 238 240  43  40 238 238  82  61  38   9 212
 127 229 223 229 225 240 218  71  56 238 240  70  33  69  19 218
  49  61  69  56  68 240 239 231 227 240 240  73  20 220 231 238
  57  70  52  31  53 236 234 238 238 236 240  78  12 231 240 236
 148 228 183  41  42  81  90  82  88  82  85  46   7 232 240 116
 153 240 194  50  48  52  48  52  48  54  54  50  18 230 240  90
 149 240 230 209 199 207 210 210 217 205 212 217 219 107 106  50
 147 240 240 238 237 240 240 240 240 240 239 240 240  83  46  47
  73 106 112 119 111 117 119 116 121 117  87 231 240 205 201 190
  48  48  47  50  48  49  50  47  51  42  32 227 240 239 239 239
 124 191 193 193 195 187 184 186 201  53  35 121 123 128  84 223
 165 240 240 240 240 240 240 240 240  63  45  48  50  46   8 220
  97 149 148 146 148 152 156 155 131 178 172 168 196  53  32 132
  47  48  48  46  47  47  47  41  49 240 240 240 240  62  48  46
 162 237 177  43  41  35  43  31  36 224 223 225 238  57  40 211
 164 240 174  71  75  79 100  37  27 235 230 192 213  60  24 212
 145 240 238 236 236 233 239  45  45 233 239  88  63  42  11 210
 120 235 238 230 222 240 214  47  55 231 239  73  32  42  31 210
  53  61  51  51  72 239 238 230 220 235 240  77  25 219 228 227
  41  43  54  35  55 238 239 237 226 226 240  81  14 230 240 235
 151 236 184  41  37  77  66  68  97  95  85  48   8 232 240 119
 155 239 197  48  40  45  54  62  45  44  46  53  21 224 240  91
 150 239 217 188 215 215 200 184 197 223 222 214 202 123  94  53
 148 239 240 233 232 237 239 240 239 237 237 240 240  78  52  55
  77 107 103 111 106 119 114 101 118 109  98 231 235 209 191 166
  44  45  50  54  46  41  46  48  52  46  36 226 233 235 235 230
 131 189 182 178 182 187 170 166 193  55  39 124 126 112  86 223
 171 240 240 240 240 240 240 240 240  66  47  48  48  46   8 217
 117 133 139 140 149 156 139 143 142 160 159 159 197  53  25 119
  47  48  48  48  47  47  47  40  55 240 240 240 240  62  49  46

 240 240 240 240 240 238  83  69  56  47 235 240 232 230 139  53
  92  74  63  49 240 240 240 238 102  47 220 240 124  68  47  54
  60  66  47 101 236 237 238 240  83  79 196 240 139  55  61  65
 219 215  58  49  59  46  41  45 223 226 235 240 113  53 172 220
 240 236  61  61  65  62  52  46 228 240 240 240 113  54 181 240
 240 239 218 221 227 225  73  63 204 240 110  75  52  51 179 240
 240 240 240 240 240 240  60  68 186 240 106  54  59  67 189 240
 103  96 103 136 239 240  70  55 240 240 103  53 174 203 157 104
  44  50  49  98 233 235  90  42 238 240 119  51 200 240 153  48
  51  77 202 199 240 227 104  47 228 240 103  57 184 240 156  59
  52  94 240 240 240 239  73  66 199 240 106  54 183 240 131  59
  52  87 240 236 141 136  40  62 187 240 108  53 219 240 127  55
  53 101 240 218  62  45  49  60 240 240 104  47 210 240 134  50
 143 154 240 202  84  59 160 161 240 240 110  52 198 240 143  52
 240 240 240 213  65 100 229 240 240 240  93  55 184 240 147  57
 194 207 205 203  54  80 196 198 192 187  71  53 150 207 105  55
 215 218 212 218 238 236 116  90  50  47 190 239 223 220 132  46
  39  22   9  19 231 240 240 240 106  46 201 239  84   8  32  48
  52  60  38  69 220 231 232 230 107  83 205 239 128  46  53  62
 240 226  61  33  20  12   7  18 219 240 240 240 123  50 196 240
 233 218  82  70  73  78  46  50 217 240 231 227 121  48 168 240
 233 238 238 240 240 240  85  54 212 239  87  32  35  45 172 240
 238 237 238 238 240 236  82  54 205 240 117  42  53  63 178 240
  30  28  40  56 227 238  88  48 217 240 121  51 201 240 131  49
  32  36  43  71 231 238  82  52 210 240 116  47 186 240 155  41
  39  94 240 218 239 234  90  48 210 240 119  50 184 240 156  47
  35  83 238 240 240 236  81  52 207 240 117  49 187 240 152  47
  36  79 236 225  68  53  42  48 199 237 111  48 195 240 148  47
  41  86 236 229  56  31  41  50 209 238 119  50 193 240 146  46
 177 178 240 223  69  52 183 194 230 240 112  47 193 240 148  48
 240 240 240 229  61  70 228 240 240 240 106  48 191 240 149  48
 158 156 143 127  49  57 148 153 149 147  73  48 124 165  97  47
 211 212 210 210 227 235 119  91  53  55 166 230 223 217 119  46
  40  24  11  31 228 240 240 240  94  52 191 235  86   8  25  49
  57  60  42  42 219 230 232 224 123  78 209 235 112  46  53  62
 238 213  63  32  25  14   8  21 202 240 235 233 126  48 197 240
 225 192  88  73  77  81  48  53 214 240 231 226 124  48 159 240
 223 230 239 239 240 240  85  46 222 237  98  36  39  47 159 240
 224 235 233 231 235 226  95  44 223 237 109  46  55  66 160 240
  36  27  45  55 220 226  97  45 197 239 118  52 193 240 142  55
  31  37  45  47 230 237  68  62 184 240 101  48 166 240 143  40
  43 100 239 214 238 239  66  54 200 239 114  46 170 240 139  47
  35  79 233 240 239 238  77  45 215 237 119  41 187 240 156  47
  41  75 236 222  72  55  37  40 215 232 106  46 182 240 149  47
  43  71 236 230  51  35  41  48 188 233 111  54 178 240 140  48
 177 174 238 238  51  54 184 197 217 240 103  50 182 240 139  48
 237 240 240 235  61  43 236 239 239 239 107  45 189 240 133  48
 162 164 145 120  53  41 151 155 150 148  77  44 131 171 117  47

  53  54  65 220 240 240 240 104  48  59  59  55  50  52  57  55
 139  47  61 172 181 179 189 157 153 156 131 127 134 143 147 105
 230  68  55  53  54  51  67 203 240 240 240 240 240 240 240 207
 232 124 139 113 113  52  59 174 200 184 183 219 210 198 184 150
 240 240 240 240 240  75  54  53  51  57  54  53  47  52  55  53
 235 220 196 235 240 110 106 103 119 103 106 108 104 110  93  71
  47  47  79 226 240 240 240 240 240 240 240 240 240 240 240 187
  56 102  83 223 228 204 186 240 238 228 199 187 240 240 240 192
  69 238 240  45  46  63  68  55  42  47  66  62  60 161 240 198
  83 240 238  41  52  73  60  70  90 104  73  40  49 160 229 196
 238 240 237  46  62 225 240 240 235 227 239 136  45  59 100  80
 240 240 236  59  65 227 240 239 233 240 240 141  62  84  65  54
 240  49 101  49  61 221 240 136  98 199 240 236 218 202 213 203
 240  63  47  58  61 218 240 103  49 202 240 240 240 240 240 205
 240  74  66 215 236 239 240  96  50  77  94  87 101 154 240 207
 240  92  60 219 240 240 240 103  44  51  52  52  53 143 240 194
  46  48  62 240 240 240 240  49  41  47  47  47  46  48  48  47
 132  32  53 196 168 172 178 131 155 156 152 148 146 148 149  97
 220   8  46  50  48  45  63 240 240 240 240 240 240 240 240 165
 223  84 128 123 121  35  53 201 186 184 187 195 193 193 191 124
 239 239 239 240 227  32  42  51  47  50  49  48  50  47  48  48
 190 201 205 240 231  87 117 121 116 119 117 111 119 112 106  73
  47  46  83 240 240 239 240 240 240 240 240 237 238 240 240 147
  50 106 107 219 217 212 205 217 210 210 207 199 209 230 240 149
  90 240 230  18  50  54  54  48  52  48  52  48  50 194 240 153
 116 240 232   7  46  85  82  88  82  90  81  42  41 183 228 148
 236 240 231  12  78 240 236 238 238 234 236  53  31  52  70  57
 238 231 220  20  73 240 240 227 231 239 240  68  56  69  61  49
 218  19  69  33  70 240 238  56  71 218 240 225 229 223 229 127
 212   9  38  61  82 238 238  40  43 240 238 236 236 240 240 143
 218  22  60 226 218 238 237  28  36  94  83  79  86 178 240 156
 215  39  52 240 233 233 238  30  32  39  35  36  41 177 240 158
  46  49  62 240 240 240 240  55  40  47  47  47  48  48  48  47
 119  25  53 197 159 159 160 142 143 139 156 149 140 139 133 117
 217   8  46  48  48  47  66 240 240 240 240 240 240 240 240 171
 223  86 112 126 124  39  55 193 166 170 187 182 178 182 189 131
 230 235 235 233 226  36  46  52  48  46  41  46  54  50  45  44
 166 191 209 235 231  98 109 118 101 114 119 106 111 103 107  77
  55  52  78 240 240 237 237 239 240 239 237 232 233 240 239 148
  53  94 123 202 214 222 223 197 184 200 215 215 188 217 239 150
  91 240 224  21  53  46  44  45  62  54  45  40  48 197 239 155
 119 240 232   8  48  85  95  97  68  66  77  37  41 184 236 151
 235 240 230  14  81 240 226 226 237 239 238  55  35  54  43  41
 227 228 219  25  77 240 235 220 230 238 239  72  51  51  61  53
 210  31  42  32  73 239 231  55  47 214 240 222 230 238 235 120
 210  11  42  63  88 239 233  45  45 239 233 236 236 238 240 145
 212  24  60 213 192 230 235  27  37 100  79  75  71 174 240 164
 211  40  57 238 225 223 224  36  31  43  35  41  43 177 237 162

  55 105 207 150  53  71 187 192 198 196  80  54 203 205 207 194
  57 147 240 184  55  93 240 240 240 229 100  65 213 240 240 240
  52 143 240 198  52 110 240 240 161 160  59  84 202 240 154 143
  50 134 240 210  47 104 240 240  60  49  45  62 218 240 101  53
  55 127 240 219  53 108 240 187  62  40 136 141 236 240  87  52
  59 131 240 183  54 106 240 199  66  73 239 240 240 240  94  52
  59 156 240 184  57 103 240 228  47 104 227 240 199 202  77  51
  48 153 240 200  51 119 240 238  42  90 235 233  98  49  50  44
 104 157 203 174  53 103 240 240  55  70 240 239 136 103  96 103
 240 189  67  59  54 106 240 186  68  60 240 240 240 240 240 240
 240 179  51  52  75 110 240 204  63  73 225 227 221 218 239 240
 240 181  54 113 240 240 240 228  46  52  62  65  61  61 236 240
 220 172  53 113 240 235 226 223  45  41  46  59  49  58 215 219
  65  61  55 139 240 196  79  83 240 238 237 236 101  47  66  60
  54  47  68 124 240 220  47 102 238 240 240 240  49  63  74  92
  53 139 230 232 240 235  47  56  69  83 238 240 240 240 240 240
  47  97 165 124  48  73 147 149 153 148  57  49 127 143 156 158
  48 149 240 191  48 106 240 240 240 228  70  61 229 240 240 240
  48 148 240 193  47 112 240 230 194 183  52  69 223 240 178 177
  46 146 240 193  50 119 238 209  50  41  31  56 229 236  86  41
  47 148 240 195  48 111 237 199  48  42  53  68 225 236  79  36
  47 152 240 187  49 117 240 207  52  81 236 240 240 238  83  35
  47 156 240 184  50 119 240 210  48  90 234 239 218 240  94  39
  41 155 240 186  47 116 240 210  52  82 238 231  71  43  36  32
  49 131 240 201  51 121 240 217  48  88 238 227  56  40  28  30
 240 178  63  53  42 117 240 205  54  82 236 240 238 238 237 238
 240 172  45  35  32  87 239 212  54  85 240 240 240 238 238 233
 240 168  48 121 227 231 240 217  50  46  78  73  70  82 218 233
 240 196  50 123 240 240 240 219  18   7  12  20  33  61 226 240
  62  53  46 128 239 205  83 107 230 232 231 220  69  38  60  52
  48  32   8  84 239 201  46 106 240 240 240 231  19   9  22  39
  46 132 220 223 239 190  47  50  90 116 236 238 218 212 218 215
  47 117 171 131  44  77 148 150 155 151  41  53 120 145 164 162
  48 133 240 189  45 107 239 239 239 236  43  61 235 240 240 237
  48 139 240 182  50 103 240 217 197 184  54  51 238 238 174 177
  48 140 240 178  54 111 233 188  48  41  35  51 230 236  71  43
  47 149 240 182  46 106 232 215  40  37  55  72 222 236  75  41
  47 156 240 187  41 119 237 215  45  77 238 239 240 233  79  35
  47 139 240 170  46 114 239 200  54  66 239 238 214 239 100  43
  40 143 240 166  48 101 240 184  62  68 237 230  47  45  37  31
  55 142 240 193  52 118 239 197  45  97 226 220  55  45  27  36
 240 160  66  55  46 109 237 223  44  95 226 235 231 233 235 224
 240 159  47  39  36  98 237 222  46  85 240 240 239 239 230 223
 240 159  48 124 226 231 240 214  53  48  81  77  73  88 192 225
 240 197  48 126 233 235 240 202  21   8  14  25  32  63 213 238
  62  53  46 112 235 209  78 123 224 232 230 219  42  42  60  57
  49  25   8  86 235 191  52  94 240 240 240 228  31  11  24  40
  46 119 217 223 230 166  55  53  91 119 235 227 210 210 212 211

