 240 240 240 240 240 240 148  61  60  57  59  60  58  59 110 240
 240 240 183 109 111 125 105  53  95 190 153  58  95 172 168 136
 240 240 109  63  60  64  60  51 154 240 189  60 123 240 216  58
 240 240 112  51 120 136  98  59 155 240 199  60  89 171 149  60
 240 240 113  44 203 240 155  56 134 240 194  62  59  63  56  61
 193 200 101  49 116 142 172 149 178 240 213 139 151 167 162  63
  60  62  57  59  63  51 154 240 240 240 240 240 240 240 229  65
 138 151 151 151  92  55 134 198 204 207 208 240 226 173 167 161
 240 240 240 240 134  60  60  59  60  58 125 240 221  67  56 240
 240 240 240 240 146  61  63  54  68  88 158 240 227 135 118 193
 240 240 240 240 136  62  64  57 147 240 240 240 240 240 235  77
 240 240 240 240 112  53  51  48 155 240 240 240 240 240 227 114
  60  62  74  58 205 240 240 240 185  76 125 240 240 240 240 240
  64  64  64  58 213 240 240 240 170  52 124 240 240 240 240 240
  64  66  62  67 217 240 240 240 240 240 202 112 158 240 231 114
  61  65  64  61 226 240 240 240 240 240 176  64 111 240 200  69
 227 240 240 240 240 240 161  39  39  37  38  37  44  41  58 240
 229 238 172 121 124 131  99  37  89 191 157  40  65 186 177 130
 234 238 125  47  44  46  45  37 119 240 209  42  57 240 238  44
 239 240 123  35 126 159 113  45 120 240 220  46  42 146 146  44
 240 240 116  33 147 240 194  43  76 240 212  46  40  43  42  41
 171 179  94  35 102 159 157 144 159 240 224 146 146 153 156  52
  48  48  45  45  45  35 120 240 240 240 240 240 240 240 240  60
 116 124 119 118  82  38  96 188 192 192 192 240 240 184 179 139
 240 240 240 240 145  46  45  47  48  47  84 240 240  57  20 240
 240 240 240 240 149  47  46  43  61  93 119 240 238 115  89 213
 240 240 240 240 144  46  46  42 120 240 240 240 240 240 240  84
 232 233 232 234 147  74  76  71 116 236 234 240 240 240 239 104
  69  76  65  42 183 240 240 240 199  57  96 240 240 240 240 240
  48  49  48  32 200 240 240 240 196  54  93 240 240 240 240 240
  48  48  49  29 201 240 240 240 240 239 200  81  72 240 238  88
  48  48  48  24 180 240 240 240 240 240 203  51  69 240 223  63
 227 240 240 240 240 240 162  37  41  38  38  36  44  42  59 240
 228 237 145 135 143 146  88  40  93 182 153  43  64 199 178 110
 233 240 128  47  44  46  45  38 115 240 211  44  57 240 238  45
 236 240 126  35 146 187 115  45 118 240 221  47  32 115 143  44
 240 240 119  32 152 240 196  43  81 240 213  48  38  43  41  41
 141 146  92  34 101 170 150 133 166 240 228 157 147 138 145  52
  45  46  48  46  49  36 120 240 240 240 240 240 240 240 240  61
 103  96  94  94  75  40  78 154 154 159 184 240 240 197 194 112
 240 240 240 240 149  45  46  48  45  47  83 240 236  55  21 240
 240 240 240 240 150  48  48  43  66 104 120 240 240  95  83 223
 240 240 240 240 145  48  48  41 120 240 240 240 240 240 240  87
 206 211 212 214 158  98 102  95 101 218 230 240 240 240 240  81
  85  91  56  36 183 240 240 240 191  48  95 240 240 240 240 240
  48  52  48  33 198 240 240 240 199  67  93 240 240 240 240 240
  48  49  51  28 199 240 240 240 240 239 197  59  70 240 240  63
  48  50  49  24 182 240 240 240 240 240 205  50  75 240 223  65

 240 136  58  60  61  63  65 161 240 193  77 114 240 240 114  69
 110 168 216 149  56 162 229 167  56 118 235 227 240 240 231 200
  59 172 240 171  63 167 240 173  67 135 240 240 240 240 240 240
  58  95 123  89  59 151 240 226 221 227 240 240 240 240 158 111
  60  58  60  60  62 139 240 240 240 240 240 240 240 240 112  64
  59 153 189 199 194 213 240 208 125 158 240 240 125 124 202 176
  57 190 240 240 240 240 240 207  58  88 240 240  76  52 240 240
  60  95 154 155 134 178 240 204  60  68 147 155 185 170 240 240
  61  53  51  59  56 149 240 198  59  54  57  48 240 240 240 240
 148 105  60  98 155 172 154 134  60  63  64  51 240 240 240 240
 240 125  64 136 240 142  51  55  60  61  62  53 240 240 240 240
 240 111  60 120 203 116  63  92 134 146 136 112 205 213 217 226
 240 109  63  51  44  49  59 151 240 240 240 240  58  58  67  61
 240 183 109 112 113 101  57 151 240 240 240 240  74  64  62  64
 240 240 240 240 240 200  62 151 240 240 240 240  62  64  66  65
 240 240 240 240 240 193  60 138 240 240 240 240  60  64  64  61
 240 130  44  44  41  52  60 139 240 213  84 104 240 240  88  63
  58 177 238 146  42 156 240 179  20  89 240 239 240 240 238 223
  41 186 240 146  43 153 240 184  57 115 240 240 240 240 240 240
  44  65  57  42  40 146 240 240 240 238 240 240 240 240  72  69
  37  40  42  46  46 146 240 240 240 240 240 240 240 240  81  51
  38 157 209 220 212 224 240 192  84 119 240 234  96  93 200 203
  37 191 240 240 240 240 240 192  47  93 240 236  57  54 239 240
  39  89 119 120  76 159 240 192  48  61 120 116 199 196 240 240
  39  37  37  45  43 144 240 188  47  43  42  71 240 240 240 240
 161  99  45 113 194 157 120  96  45  46  46  76 240 240 240 240
 240 131  46 159 240 159  35  38  46  47  46  74 240 240 240 240
 240 124  44 126 147 102  45  82 145 149 144 147 183 200 201 180
 240 121  47  35  33  35  45 118 240 240 240 234  42  32  29  24
 240 172 125 123 116  94  45 119 240 240 240 232  65  48  49  48
 240 238 238 240 240 179  48 124 240 240 240 233  76  49  48  48
 227 229 234 239 240 171  48 116 240 240 240 232  69  48  48  48
 240 110  45  44  41  52  61 112 240 223  87  81 240 240  63  65
  59 178 238 143  41 145 240 194  21  83 240 240 240 240 240 223
  42 199 240 115  43 138 240 197  55  95 240 240 240 240 240 240
  44  64  57  32  38 147 240 240 236 240 240 240 240 240  70  75
  36  43  44  47  48 157 240 240 240 240 240 240 240 240  59  50
  38 153 211 221 213 228 240 184  83 120 240 230  95  93 197 205
  38 182 240 240 240 240 240 159  47 104 240 218  48  67 239 240
  41  93 115 118  81 166 240 154  45  66 120 101 191 199 240 240
  37  40  38  45  43 133 240 154  48  43  41  95 240 240 240 240
 162  88  45 115 196 150 120  78  46  48  48 102 240 240 240 240
 240 146  46 187 240 170  36  40  45  48  48  98 240 240 240 240
 240 143  44 146 152 101  49  75 149 150 145 158 183 198 199 182
 240 135  47  35  32  34  46  94 240 240 240 214  36  33  28  24
 240 145 128 126 119  92  48  94 240 240 240 212  56  48  51  49
 240 237 240 240 240 146  46  96 240 240 240 211  91  52  49  50
 227 228 233 236 240 141  45 103 240 240 240 206  85  48  48  48

  69 200 240 111  64 176 240 240 240 240 240 226  61  64  65  61
 114 231 240 158 112 202 240 240 240 240 240 217  67  62  66  64
 240 240 240 240 240 124  52 170 240 240 240 213  58  64  64  64
 240 240 240 240 240 125  76 185 240 240 240 205  58  74  62  60
 114 227 240 240 240 240 240 155  48  51  53 112 240 240 240 240
  77 235 240 240 240 240 240 147  57  64  62 136 240 240 240 240
 193 118 135 227 240 158  88  68  54  63  61 146 240 240 240 240
 240  56  67 221 240 125  58  60  59  60  60 134 240 240 240 240
 161 167 173 226 240 208 207 204 198 134  55  92 151 151 151 138
  65 229 240 240 240 240 240 240 240 154  51  63  59  57  62  60
  63 162 167 151 139 213 240 178 149 172 142 116  49 101 200 193
  61  56  63  59  62 194 240 134  56 155 240 203  44 113 240 240
  60 149 171  89  60 199 240 155  59  98 136 120  51 112 240 240
  58 216 240 123  60 189 240 154  51  60  64  60  63 109 240 240
 136 168 172  95  58 153 190  95  53 105 125 111 109 183 240 240
 240 110  59  58  60  59  57  60  61 148 240 240 240 240 240 240
  63 223 240  69  51 203 240 240 240 240 240 180  24  48  48  48
  88 238 240  72  81 200 239 240 240 240 240 201  29  49  48  48
 240 240 240 240 240  93  54 196 240 240 240 200  32  48  49  48
 240 240 240 240 240  96  57 199 240 240 240 183  42  65  76  69
 104 239 240 240 240 234 236 116  71  76  74 147 234 232 233 232
  84 240 240 240 240 240 240 120  42  46  46 144 240 240 240 240
 213  89 115 238 240 119  93  61  43  46  47 149 240 240 240 240
 240  20  57 240 240  84  47  48  47  45  46 145 240 240 240 240
 139 179 184 240 240 192 192 192 188  96  38  82 118 119 124 116
  60 240 240 240 240 240 240 240 240 120  35  45  45  45  48  48
  52 156 153 146 146 224 240 159 144 157 159 102  35  94 179 171
  41  42  43  40  46 212 240  76  43 194 240 147  33 116 240 240
  44 146 146  42  46 220 240 120  45 113 159 126  35 123 240 239
  44 238 240  57  42 209 240 119  37  45  46  44  47 125 238 234
 130 177 186  65  40 157 191  89  37  99 131 124 121 172 238 229
 240  58  41  44  37  38  37  39  39 161 240 240 240 240 240 227
  65 223 240  75  50 205 240 240 240 240 240 182  24  49  50  48
  63 240 240  70  59 197 239 240 240 240 240 199  28  51  49  48
 240 240 240 240 240  93  67 199 240 240 240 198  33  48  52  48
 240 240 240 240 240  95  48 191 240 240 240 183  36  56  91  85
  81 240 240 240 240 230 218 101  95 102  98 158 214 212 211 206
  87 240 240 240 240 240 240 120  41  48  48 145 240 240 240 240
 223  83  95 240 240 120 104  66  43  48  48 150 240 240 240 240
 240  21  55 236 240  83  47  45  48  46  45 149 240 240 240 240
 112 194 197 240 240 184 159 154 154  78  40  75  94  94  96 103
  61 240 240 240 240 240 240 240 240 120  36  49  46  48  46  45
  52 145 138 147 157 228 240 166 133 150 170 101  34  92 146 141
  41  41  43  38  48 213 240  81  43 196 240 152  32 119 240 240
  44 143 115  32  47 221 240 118  45 115 187 146  35 126 240 236
  45 238 240  57  44 211 240 115  38  45  46  44  47 128 240 233
 110 178 199  64  43 153 182  93  40  88 146 143 135 145 237 228
 240  59  42  44  36  38  38  41  37 162 240 240 240 240 240 227

  61  64  64  60 240 240 240 240 138  60 193 240 240 240 240 240
  65  66  64  62 240 240 240 240 151  62 200 240 240 240 240 240
  64  62  64  74 240 240 240 240 151  57 101 113 112 109 183 240
  61  67  58  58 240 240 240 240 151  59  49  44  51  63 109 240
 226 217 213 205 112 136 146 134  92  63 116 203 120  60 111 240
 240 240 240 240  53  62  61  60  55  51 142 240 136  64 125 240
 240 240 240 240  51  64  63  60 134 154 172 155  98  60 105 148
 240 240 240 240  48  57  54  59 198 240 149  56  59  51  53  61
 240 240 170 185 155 147  68  60 204 240 178 134 155 154  95  60
 240 240  52  76 240 240  88  58 207 240 240 240 240 240 190  57
 176 202 124 125 240 240 158 125 208 240 213 194 199 189 153  59
  64 112 240 240 240 240 240 240 240 240 139  62  60  60  58  60
 111 158 240 240 240 240 227 221 226 240 151  59  89 123  95  58
 240 240 240 240 240 240 135  67 173 240 167  63 171 240 172  59
 200 231 240 240 227 235 118  56 167 229 162  56 149 216 168 110
  69 114 240 240 114  77 193 240 161  65  63  61  60  58 136 240
  48  48  48  69 232 240 240 240 116  48 171 240 239 234 229 227
  48  48  49  76 233 240 240 240 124  48 179 240 240 238 238 240
  48  49  48  65 232 240 240 240 119  45  94 116 123 125 172 240
  24  29  32  42 234 240 240 240 118  45  35  33  35  47 121 240
 180 201 200 183 147 144 149 145  82  45 102 147 126  44 124 240
 240 240 240 240  74  46  47  46  38  35 159 240 159  46 131 240
 240 240 240 240  76  46  46  45  96 120 157 194 113  45  99 161
 240 240 240 240  71  42  43  47 188 240 144  43  45  37  37  39
 240 240 196 199 116 120  61  48 192 240 159  76 120 119  89  39
 240 239  54  57 236 240  93  47 192 240 240 240 240 240 191  37
 203 200  93  96 234 240 119  84 192 240 224 212 220 209 157  38
  51  81 240 240 240 240 240 240 240 240 146  46  46  42  40  37
  69  72 240 240 240 240 238 240 240 240 146  40  42  57  65  44
 240 240 240 240 240 240 115  57 184 240 153  43 146 240 186  41
 223 238 240 240 239 240  89  20 179 240 156  42 146 238 177  58
  63  88 240 240 104  84 213 240 139  60  52  41  44  44 130 240
  48  48  48  85 206 240 240 240 103  45 141 240 236 233 228 227
  50  49  52  91 211 240 240 240  96  46 146 240 240 240 237 240
  49  51  48  56 212 240 240 240  94  48  92 119 126 128 145 240
  24  28  33  36 214 240 240 240  94  46  34  32  35  47 135 240
 182 199 198 183 158 145 150 149  75  49 101 152 146  44 143 240
 240 240 240 240  98  48  48  45  40  36 170 240 187  46 146 240
 240 240 240 240 102  48  48  46  78 120 150 196 115  45  88 162
 240 240 240 240  95  41  43  48 154 240 133  43  45  38  40  37
 240 240 199 191 101 120  66  45 154 240 166  81 118 115  93  41
 240 239  67  48 218 240 104  47 159 240 240 240 240 240 182  38
 205 197  93  95 230 240 120  83 184 240 228 213 221 211 153  38
  50  59 240 240 240 240 240 240 240 240 157  48  47  44  43  36
  75  70 240 240 240 240 240 236 240 240 147  38  32  57  64  44
 240 240 240 240 240 240  95  55 197 240 138  43 115 240 199  42
 223 240 240 240 240 240  83  21 194 240 145  41 143 238 178  59
  65  63 240 240  81  87 223 240 112  61  52  41  44  45 110 240

