  64  47 240 240 240 240 240 240 144  44 170 240 158  61  57  63
 198 177 240 240 240 240 184 166 101  55 112 164 129  64  55  60
 240 240 240 240 240 240 142  65  64  65  62  64  60  59  58  65
 189 162 151 145 230 240 173 153 111  55  63  58 105 163 125  61
  60  63  62  36 230 240 240 240 151  63  60  58 148 240 198  62
  63  63 145 114 236 240 240 240 183 140 113  52 144 240 211 148
  64  52 237 240 240 240 240 240 240 240 161  58 156 240 240 240
  61  68 240 240 240 240 215 195 180 191 139  52 142 240 240 240
  61  49 240 240 240 240 129  62  67  65  60  51 152 240 240 240
  95 117 217 228 216 194 176 147  81  56  94 136 180 240 240 240
 240 239  98  66  62  40 205 240 141  46 192 240 240 240 240 240
 209 234 113 100 124  98 234 221 130  47 191 237 210 200 240 240
  76  68 240 240 240 240 121  66  65  56  59  59  60  76 127 240
  82  87 204 230 240 240 148  84  71  56  61  63  45  46 152 240
 240 234 100  80  73  44 214 240 141  62  66  51 166 240 239 240
 221 232  77  62  64  33 222 240 130  62  63  45 157 236 240 240
  46  13 240 240 240 240 240 240 147  28 122 240 196  45  39  44
 164 150 240 240 240 240 187 156 102  40  80 155 125  42  36  40
 240 240 240 240 240 240 139  45  44  45  47  43  41  39  41  40
 164 168 170 141 226 240 193 157 104  44  43  42  68 144 136  43
  47  48  45  20 209 240 240 240 158  45  42  37  93 240 221  45
  45  30 134 119 218 240 240 240 192 133 117  36  89 240 219 124
  45  11 236 240 240 240 240 240 240 240 189  38 119 240 240 240
  47  24 229 240 240 240 216 199 195 198 147  33 105 240 240 240
  46  18 236 240 240 240 149  50  49  51  46  37 107 240 240 240
 112  78 214 211 213 211 164 113  78  43  65 100 138 240 240 240
 240 239  97  53  56  27 180 240 153  33 120 240 240 240 240 240
 220 214 131  99 101  72 188 232 152  31 137 225 230 225 231 240
  58  40 236 240 240 238 133  61  53  42  49  59  59  60  83 240
  84  50 227 235 236 238 159  79  63  46  44  46  45  65  84 240
 240 240  96  66  70  36 202 240 146  48  44  34 119 238 240 240
 233 232  77  48  49  19 199 240 149  45  45  30 124 238 240 240
  44  11 240 240 240 240 240 240 150  28 127 240 194  46  38  42
 140 149 240 240 240 240 182 119  95  37  81 148 118  41  35  38
 239 240 240 240 240 240 143  45  45  42  44  40  41  41  39  39
 134 145 159 144 225 240 206 154 106  45  43  36  56 116 126  42
  46  45  45  20 209 240 240 240 163  45  42  37  96 233 220  47
  42  27 123 133 222 240 240 240 200 136 116  36  93 237 214  99
  45  11 233 240 240 240 240 240 240 240 193  37 115 240 235 229
  44  24 229 240 240 240 195 189 203 197 143  33 102 240 240 239
  45  17 236 240 240 238 151  51  47  45  45  34 106 240 240 240
 131  64 209 195 191 194 156  87  80  40  48  74 141 240 240 240
 240 240 103  50  57  26 181 239 150  32 116 240 240 240 240 240
 217 204 146  95  77  73 177 226 152  30 116 207 237 238 227 240
  47  37 235 240 240 240 139  61  55  42  44  60  59  50  87 240
 101  35 240 222 208 230 133  70  64  45  46  45  51  88  86 240
 239 240  89  53  68  40 199 240 148  48  46  33 119 230 238 240
 240 239  83  48  50  20 189 229 151  46  40  30 126 240 239 229

  63  60  65  61  62 148 240 240 240 240 240 240 240 240 240 240
  57  55  58 125 198 211 240 240 240 240 240 240 127 152 239 240
  61  64  59 163 240 240 240 240 240 240 240 200  76  46 240 236
 158 129  60 105 148 144 156 142 152 180 240 210  60  45 166 157
 240 164  64  58  58  52  58  52  51 136 240 237  59  63  51  45
 170 112  62  63  60 113 161 139  60  94 192 191  59  61  66  63
  44  55  65  55  63 140 240 191  65  56  46  47  56  56  62  62
 144 101  64 111 151 183 240 180  67  81 141 130  65  71 141 130
 240 166  65 153 240 240 240 195  62 147 240 221  66  84 240 240
 240 184 142 173 240 240 240 215 129 176 205 234 121 148 214 222
 240 240 240 240 240 240 240 240 240 194  40  98 240 240  44  33
 240 240 240 230 230 236 240 240 240 216  62 124 240 240  73  64
 240 240 240 145  36 114 240 240 240 228  66 100 240 230  80  62
 240 240 240 151  62 145 237 240 240 217  98 113 240 204 100  77
  47 177 240 162  63  63  52  68  49 117 239 234  68  87 234 232
  64 198 240 189  60  63  64  61  61  95 240 209  76  82 240 221
  44  40  40  43  45 124 240 240 240 240 240 240 240 240 240 240
  39  36  41 136 221 219 240 240 240 240 240 231  83  84 240 240
  45  42  39 144 240 240 240 240 240 240 240 225  60  65 238 238
 196 125  41  68  93  89 119 105 107 138 240 230  59  45 119 124
 240 155  43  42  37  36  38  33  37 100 240 225  59  46  34  30
 122  80  47  43  42 117 189 147  46  65 120 137  49  44  44  45
  28  40  45  44  45 133 240 198  51  43  33  31  42  46  48  45
 147 102  44 104 158 192 240 195  49  78 153 152  53  63 146 149
 240 156  45 157 240 240 240 199  50 113 240 232  61  79 240 240
 240 187 139 193 240 240 240 216 149 164 180 188 133 159 202 199
 240 240 240 240 240 240 240 240 240 211  27  72 238 238  36  19
 240 240 240 226 209 218 240 240 240 213  56 101 240 236  70  49
 240 240 240 141  20 119 240 240 240 211  53  99 240 235  66  48
 240 240 240 170  45 134 236 229 236 214  97 131 236 227  96  77
  13 150 240 168  48  30  11  24  18  78 239 214  40  50 240 232
  46 164 240 164  47  45  45  47  46 112 240 220  58  84 240 233
  42  38  39  42  47  99 229 239 240 240 240 240 240 240 240 229
  38  35  39 126 220 214 235 240 240 240 240 227  87  86 238 239
  46  41  41 116 233 237 240 240 240 240 240 238  50  88 230 240
 194 118  41  56  96  93 115 102 106 141 240 237  59  51 119 126
 240 148  40  36  37  36  37  33  34  74 240 207  60  45  33  30
 127  81  44  43  42 116 193 143  45  48 116 116  44  46  46  40
  28  37  42  45  45 136 240 197  45  40  32  30  42  45  48  46
 150  95  45 106 163 200 240 203  47  80 150 152  55  64 148 151
 240 119  45 154 240 240 240 189  51  87 239 226  61  70 240 229
 240 182 143 206 240 240 240 195 151 156 181 177 139 133 199 189
 240 240 240 240 240 240 240 240 238 194  26  73 240 230  40  20
 240 240 240 225 209 222 240 240 240 191  57  77 240 208  68  50
 240 240 240 144  20 133 240 240 240 195  50  95 240 222  53  48
 240 240 240 159  45 123 233 229 236 209 103 146 235 240  89  83
  11 149 240 145  45  27  11  24  17  64 240 204  37  35 240 239
  44 140 239 134  46  42  45  44  45 131 240 217  47 101 239 240

 240 240 236 157  45  63  62 130 240 222  33  64  62  77 232 221
 240 239 240 166  51  66  62 141 240 214  44  73  80 100 234 240
 240 152  46  45  63  61  56  71  84 148 240 240 230 204  87  82
 240 127  76  60  59  59  56  65  66 121 240 240 240 240  68  76
 240 240 200 210 237 191  47 130 221 234  98 124 100 113 234 209
 240 240 240 240 240 192  46 141 240 205  40  62  66  98 239 240
 240 240 240 180 136  94  56  81 147 176 194 216 228 217 117  95
 240 240 240 152  51  60  65  67  62 129 240 240 240 240  49  61
 240 240 240 142  52 139 191 180 195 215 240 240 240 240  68  61
 240 240 240 156  58 161 240 240 240 240 240 240 240 237  52  64
 148 211 240 144  52 113 140 183 240 240 240 236 114 145  63  63
  62 198 240 148  58  60  63 151 240 240 240 230  36  62  63  60
  61 125 163 105  58  63  55 111 153 173 240 230 145 151 162 189
  65  58  59  60  64  62  65  64  65 142 240 240 240 240 240 240
  60  55  64 129 164 112  55 101 166 184 240 240 240 240 177 198
  63  57  61 158 240 170  44 144 240 240 240 240 240 240  47  64
 240 240 238 124  30  45  45 149 240 199  19  49  48  77 232 233
 240 240 238 119  34  44  48 146 240 202  36  70  66  96 240 240
 240  84  65  45  46  44  46  63  79 159 238 236 235 227  50  84
 240  83  60  59  59  49  42  53  61 133 238 240 240 236  40  58
 240 231 225 230 225 137  31 152 232 188  72 101  99 131 214 220
 240 240 240 240 240 120  33 153 240 180  27  56  53  97 239 240
 240 240 240 138 100  65  43  78 113 164 211 213 211 214  78 112
 240 240 240 107  37  46  51  49  50 149 240 240 240 236  18  46
 240 240 240 105  33 147 198 195 199 216 240 240 240 229  24  47
 240 240 240 119  38 189 240 240 240 240 240 240 240 236  11  45
 124 219 240  89  36 117 133 192 240 240 240 218 119 134  30  45
  45 221 240  93  37  42  45 158 240 240 240 209  20  45  48  47
  43 136 144  68  42  43  44 104 157 193 240 226 141 170 168 164
  40  41  39  41  43  47  45  44  45 139 240 240 240 240 240 240
  40  36  42 125 155  80  40 102 156 187 240 240 240 240 150 164
  44  39  45 196 240 122  28 147 240 240 240 240 240 240  13  46
 229 239 240 126  30  40  46 151 229 189  20  50  48  83 239 240
 240 238 230 119  33  46  48 148 240 199  40  68  53  89 240 239
 240  86  88  51  45  46  45  64  70 133 230 208 222 240  35 101
 240  87  50  59  60  44  42  55  61 139 240 240 240 235  37  47
 240 227 238 237 207 116  30 152 226 177  73  77  95 146 204 217
 240 240 240 240 240 116  32 150 239 181  26  57  50 103 240 240
 240 240 240 141  74  48  40  80  87 156 194 191 195 209  64 131
 240 240 240 106  34  45  45  47  51 151 238 240 240 236  17  45
 239 240 240 102  33 143 197 203 189 195 240 240 240 229  24  44
 229 235 240 115  37 193 240 240 240 240 240 240 240 233  11  45
  99 214 237  93  36 116 136 200 240 240 240 222 133 123  27  42
  47 220 233  96  37  42  45 163 240 240 240 209  20  45  45  46
  42 126 116  56  36  43  45 106 154 206 240 225 144 159 145 134
  39  39  41  41  40  44  42  45  45 143 240 240 240 240 240 239
  38  35  41 118 148  81  37  95 119 182 240 240 240 240 149 140
  42  38  46 194 240 127  28 150 240 240 240 240 240 240  11  44

 221 240  82  76 209 240  95  61  61  64  63  60 189 240 198  64
 232 234  87  68 234 239 117  49  68  52  63  63 162 240 177  47
  77 100 204 240 113  98 217 240 240 237 145  62 151 240 240 240
  62  80 230 240 100  66 228 240 240 240 114  36 145 240 240 240
  64  73 240 240 124  62 216 240 240 240 236 230 230 240 240 240
  33  44 240 240  98  40 194 240 240 240 240 240 240 240 240 240
 222 214 148 121 234 205 176 129 215 240 240 240 173 142 184 240
 240 240  84  66 221 240 147  62 195 240 240 240 153  65 166 240
 130 141  71  65 130 141  81  67 180 240 183 151 111  64 101 144
  62  62  56  56  47  46  56  65 191 240 140  63  55  65  55  44
  63  66  61  59 191 192  94  60 139 161 113  60  63  62 112 170
  45  51  63  59 237 240 136  51  52  58  52  58  58  64 164 240
 157 166  45  60 210 240 180 152 142 156 144 148 105  60 129 158
 236 240  46  76 200 240 240 240 240 240 240 240 163  59  64  61
 240 239 152 127 240 240 240 240 240 240 211 198 125  58  55  57
 240 240 240 240 240 240 240 240 240 240 148  62  61  65  60  63
 233 240  84  58 220 240 112  46  47  45  45  47 164 240 164  46
 232 240  50  40 214 239  78  18  24  11  30  48 168 240 150  13
  77  96 227 236 131  97 214 236 229 236 134  45 170 240 240 240
  48  66 235 240  99  53 211 240 240 240 119  20 141 240 240 240
  49  70 236 240 101  56 213 240 240 240 218 209 226 240 240 240
  19  36 238 238  72  27 211 240 240 240 240 240 240 240 240 240
 199 202 159 133 188 180 164 149 216 240 240 240 193 139 187 240
 240 240  79  61 232 240 113  50 199 240 240 240 157  45 156 240
 149 146  63  53 152 153  78  49 195 240 192 158 104  44 102 147
  45  48  46  42  31  33  43  51 198 240 133  45  44  45  40  28
  45  44  44  49 137 120  65  46 147 189 117  42  43  47  80 122
  30  34  46  59 225 240 100  37  33  38  36  37  42  43 155 240
 124 119  45  59 230 240 138 107 105 119  89  93  68  41 125 196
 238 238  65  60 225 240 240 240 240 240 240 240 144  39  42  45
 240 240  84  83 231 240 240 240 240 240 219 221 136  41  36  39
 240 240 240 240 240 240 240 240 240 240 124  45  43  40  40  44
 240 239 101  47 217 240 131  45  44  45  42  46 134 239 140  44
 239 240  35  37 204 240  64  17  24  11  27  45 145 240 149  11
  83  89 240 235 146 103 209 236 229 233 123  45 159 240 240 240
  48  53 222 240  95  50 195 240 240 240 133  20 144 240 240 240
  50  68 208 240  77  57 191 240 240 240 222 209 225 240 240 240
  20  40 230 240  73  26 194 238 240 240 240 240 240 240 240 240
 189 199 133 139 177 181 156 151 195 240 240 240 206 143 182 240
 229 240  70  61 226 239  87  51 189 240 240 240 154  45 119 240
 151 148  64  55 152 150  80  47 203 240 200 163 106  45  95 150
  46  48  45  42  30  32  40  45 197 240 136  45  45  42  37  28
  40  46  46  44 116 116  48  45 143 193 116  42  43  44  81 127
  30  33  45  60 207 240  74  34  33  37  36  37  36  40 148 240
 126 119  51  59 237 240 141 106 102 115  93  96  56  41 118 194
 240 230  88  50 238 240 240 240 240 240 237 233 116  41  41  46
 239 238  86  87 227 240 240 240 240 235 214 220 126  39  35  38
 229 240 240 240 240 240 240 240 239 229  99  47  42  39  38  42

