  53  61  51 103 240 223  55  64 237 234  67  48  47  48  48  46
 105 110  52  97 240 215 106 117 204 196  67  38  92 101  82  91
 240 196  50  97 240 240 240 232  68  59  47  34 226 239 237 236
 240 187  57  93 194 216 240 226 102  83  94  84 229 240 234 206
 240 191  54  54  59  80 240 240 240 239 238 240 240 240 102  63
 240 186 100  93  53  79 240 240 240 240 215 207 237 218  92  51
 240 240 239 208  53  90 240 240 240 231  81  64  54  72  51  48
 240 240 230 190  48  86 216 240 225 217  65  72  79  51  54  50
 240 188  76 120 239 223  90  61  64  68 235 234 224 238  92  48
 240 190  53  99 240 218  60  51  48  49 219 240 240 232  97  48
 240 185  51 108 240 214  58  48  48  43  98  62 237 238  92  49
 240 189  51 115 240 213  56  44  64  48  48  34 233 240 102  56
 240 184  56 105 240 218  59  67 203 207  67  38 230 240 198 216
 240 193  52 115 240 208  60  77 240 232  68  46 235 240 240 240
 240 184  52 115 240 212  58  85 240 234  73  48 106  93 231 238
 240 196  53 122 240 218  59  79 240 233  74  52  51  37 229 240
  48  48  41  53 220 233  53  25 200 237  70  35  36  33  35  34
 106 100  41  45 223 222 102  79 192 207  73  29  69  77  70  74
 237 208  46  59 220 223 218 236  70  50  38  12 185 211 206 221
 239 195  50  52 196 176 220 225  92  70  75  49 187 224 202 218
 240 204  50  47  52  44 216 218 213 212 213 211 214 233 123  54
 234 189  84  95  43  37 219 221 217 222 209 207 207 230 106  41
 232 231 223 214  49  42 221 223 223 235  91  61  56  64  45  40
 238 234 228 193  59  44 214 220 217 223  82  52  53  61  50  38
 238 205  75  70 216 224  82  72  67  25 190 208 203 222 105  40
 240 199  47  64 225 230  57  47  40  17 193 211 219 232 111  38
 232 192  49  56 226 237  55  42  41  37  79  42 199 234 110  39
 236 204  43  66 229 223  59  40  48  48  44   8 187 231 108  47
 239 192  46  60 230 226  55  18 185 217  76   8 193 221 187 202
 240 199  42  66 230 226  52  32 217 238  70  10 192 217 213 228
 240 197  48  62 236 226  55  32 222 238  72  31  98  70 190 232
 240 205  43  75 240 224  56  28 229 238  84  47  44  12 179 233
  49  48  43  54 204 225  53  31 193 228  74  46  45  40  44  43
 112  96  43  49 208 213 104  84 163 189  77  35  56  76  86  71
 222 213  48  58 206 207 204 226  72  48  41  13 175 194 195 212
 228 200  50  43 180 168 208 216  92  83  74  48 181 210 180 206
 228 200  50  49  45  42 202 205 199 203 199 200 204 224 124  53
 221 188  81  88  44  34 206 208 208 213 206 195 177 222 107  45
 218 215 208 209  47  45 207 208 207 226  88  53  59  57  45  42
 225 207 209 204  75  48 208 186 203 222  95  42  46  73  50  45
 227 202  66  66 198 215  70  72  63  20 176 198 198 206 109  42
 225 208  48  63 211 231  56  47  41  19 195 197 198 220 111  38
 221 196  50  52 214 237  57  45  43  36  57  38 183 224 114  40
 223 201  45  66 213 221  59  40  35  49  48  10 181 221 106  46
 225 195  50  62 211 226  56  19 184 212  81   9 182 203 185 190
 227 207  45  67 218 232  56  30 204 223  71  12 180 202 199 217
 228 195  47  60 220 216  56  29 206 230  75  35  89  62 178 221
 232 202  43  72 223 222  59  31 208 232  87  47  46  12 172 216

  46  91 236 206  63  51  48  50  48  48  49  56 216 240 238 240
  48  82 237 234 102  92  51  54  92  97  92 102 198 240 231 229
  48 101 239 240 240 218  72  51 238 232 238 240 240 240  93  37
  47  92 226 229 240 237  54  79 224 240 237 233 230 235 106  51
  48  38  34  84 240 207  64  72 234 240  62  34  38  46  48  52
  67  67  47  94 238 215  81  65 235 219  98  48  67  68  73  74
 234 196  59  83 239 240 231 217  68  49  43  48 207 232 234 233
 237 204  68 102 240 240 240 225  64  48  48  64 203 240 240 240
  64 117 232 226 240 240 240 240  61  51  48  44  67  77  85  79
  55 106 240 240 240 240 240 216  90  60  58  56  59  60  58  59
 223 215 240 216  80  79  90  86 223 218 214 213 218 208 212 218
 240 240 240 194  59  53  53  48 239 240 240 240 240 240 240 240
 103  97  97  93  54  93 208 190 120  99 108 115 105 115 115 122
  51  52  50  57  54 100 239 230  76  53  51  51  56  52  52  53
  61 110 196 187 191 186 240 240 188 190 185 189 184 193 184 196
  53 105 240 240 240 240 240 240 240 240 240 240 240 240 240 240
  34  74 221 218  54  41  40  38  40  38  39  47 202 228 232 233
  35  70 206 202 123 106  45  50 105 111 110 108 187 213 190 179
  33  77 211 224 233 230  64  61 222 232 234 231 221 217  70  12
  36  69 185 187 214 207  56  53 203 219 199 187 193 192  98  44
  35  29  12  49 211 207  61  52 208 211  42   8   8  10  31  47
  70  73  38  75 213 209  91  82 190 193  79  44  76  70  72  84
 237 207  50  70 212 222 235 223  25  17  37  48 217 238 238 238
 200 192  70  92 213 217 223 217  67  40  41  48 185 217 222 229
  25  79 236 225 218 221 223 220  72  47  42  40  18  32  32  28
  53 102 218 220 216 219 221 214  82  57  55  59  55  52  55  56
 233 222 223 176  44  37  42  44 224 230 237 223 226 226 226 224
 220 223 220 196  52  43  49  59 216 225 226 229 230 230 236 240
  53  45  59  52  47  95 214 193  70  64  56  66  60  66  62  75
  41  41  46  50  50  84 223 228  75  47  49  43  46  42  48  43
  48 100 208 195 204 189 231 234 205 199 192 204 192 199 197 205
  48 106 237 239 240 234 232 238 238 240 232 236 239 240 240 240
  43  71 212 206  53  45  42  45  42  38  40  46 190 217 221 216
  44  86 195 180 124 107  45  50 109 111 114 106 185 199 178 172
  40  76 194 210 224 222  57  73 206 220 224 221 203 202  62  12
  45  56 175 181 204 177  59  46 198 198 183 181 182 180  89  46
  46  35  13  48 200 195  53  42 198 197  38  10   9  12  35  47
  74  77  41  74 199 206  88  95 176 195  57  48  81  71  75  87
 228 189  48  83 203 213 226 222  20  19  36  49 212 223 230 232
 193 163  72  92 199 208 207 203  63  41  43  35 184 204 206 208
  31  84 226 216 205 208 208 186  72  47  45  40  19  30  29  31
  53 104 204 208 202 206 207 208  70  56  57  59  56  56  56  59
 225 213 207 168  42  34  45  48 215 231 237 221 226 232 216 222
 204 208 206 180  45  44  47  75 198 211 214 213 211 218 220 223
  54  49  58  43  49  88 209 204  66  63  52  66  62  67  60  72
  43  43  48  50  50  81 208 209  66  48  50  45  50  45  47  43
  48  96 213 200 200 188 215 207 202 208 196 201 195 207 195 202
  49 112 222 228 228 221 218 225 227 225 221 223 225 227 228 232

 240 229  37  51  52  74 233 240  79  59 218 240 122  53 196 240
 238 231  93 106  48  73 234 240  85  58 212 240 115  52 184 240
 240 240 240 235  46  68 232 240  77  60 208 240 115  52 193 240
 216 198 240 230  38  67 207 203  67  59 218 240 105  56 184 240
  56 102 240 233  34  48  48  64  44  56 213 240 115  51 189 240
  49  92 238 237  62  98  43  48  48  58 214 240 108  51 185 240
  48  97 232 240 240 219  49  48  51  60 218 240  99  53 190 240
  48  92 238 224 234 235  68  64  61  90 223 239 120  76 188 240
  50  54  51  79  72  65 217 225 240 216  86  48 190 230 240 240
  48  51  72  54  64  81 231 240 240 240  90  53 208 239 240 240
  51  92 218 237 207 215 240 240 240 240  79  53  93 100 186 240
  63 102 240 240 240 238 239 240 240 240  80  59  54  54 191 240
 206 234 240 229  84  94  83 102 226 240 216 194  93  57 187 240
 236 237 239 226  34  47  59  68 232 240 240 240  97  50 196 240
  91  82 101  92  38  67 196 204 117 106 215 240  97  52 110 105
  46  48  48  47  48  67 234 237  64  55 223 240 103  51  61  53
 233 179  12  44  47  84 238 229  28  56 224 240  75  43 205 240
 232 190  70  98  31  72 238 222  32  55 226 236  62  48 197 240
 228 213 217 192  10  70 238 217  32  52 226 230  66  42 199 240
 202 187 221 193   8  76 217 185  18  55 226 230  60  46 192 239
  47 108 231 187   8  44  48  48  40  59 223 229  66  43 204 236
  39 110 234 199  42  79  37  41  42  55 237 226  56  49 192 232
  38 111 232 219 211 193  17  40  47  57 230 225  64  47 199 240
  40 105 222 203 208 190  25  67  72  82 224 216  70  75 205 238
  38  50  61  53  52  82 223 217 220 214  44  59 193 228 234 238
  40  45  64  56  61  91 235 223 223 221  42  49 214 223 231 232
  41 106 230 207 207 209 222 217 221 219  37  43  95  84 189 234
  54 123 233 214 211 213 212 213 218 216  44  52  47  50 204 240
 218 202 224 187  49  75  70  92 225 220 176 196  52  50 195 239
 221 206 211 185  12  38  50  70 236 218 223 220  59  46 208 237
  74  70  77  69  29  73 207 192  79 102 222 223  45  41 100 106
  34  35  33  36  35  70 237 200  25  53 233 220  53  41  48  48
 216 172  12  46  47  87 232 208  31  59 222 223  72  43 202 232
 221 178  62  89  35  75 230 206  29  56 216 220  60  47 195 228
 217 199 202 180  12  71 223 204  30  56 232 218  67  45 207 227
 190 185 203 182   9  81 212 184  19  56 226 211  62  50 195 225
  46 106 221 181  10  48  49  35  40  59 221 213  66  45 201 223
  40 114 224 183  38  57  36  43  45  57 237 214  52  50 196 221
  38 111 220 198 197 195  19  41  47  56 231 211  63  48 208 225
  42 109 206 198 198 176  20  63  72  70 215 198  66  66 202 227
  45  50  73  46  42  95 222 203 186 208  48  75 204 209 207 225
  42  45  57  59  53  88 226 207 208 207  45  47 209 208 215 218
  45 107 222 177 195 206 213 208 208 206  34  44  88  81 188 221
  53 124 224 204 200 199 203 199 205 202  42  45  49  50 200 228
 206 180 210 181  48  74  83  92 216 208 168 180  43  50 200 228
 212 195 194 175  13  41  48  72 226 204 207 206  58  48 213 222
  71  86  76  56  35  77 189 163  84 104 213 208  49  43  96 112
  43  44  40  45  46  74 228 193  31  53 225 204  54  43  48  49

 240 240 240 240 240 240 240 240 240 240 240 240 240 240 105  53
 196 184 193 184 189 185 190 188 240 240 186 191 187 196 110  61
  53  52  52  56  51  51  53  76 230 239 100  54  57  50  52  51
 122 115 115 105 115 108  99 120 190 208  93  54  93  97  97 103
 240 240 240 240 240 240 240 239  48  53  53  59 194 240 240 240
 218 212 208 218 213 214 218 223  86  90  79  80 216 240 215 223
  59  58  60  59  56  58  60  90 216 240 240 240 240 240 106  55
  79  85  77  67  44  48  51  61 240 240 240 240 226 232 117  64
 240 240 240 203  64  48  48  64 225 240 240 240 102  68 204 237
 233 234 232 207  48  43  49  68 217 231 240 239  83  59 196 234
  74  73  68  67  48  98 219 235  65  81 215 238  94  47  67  67
  52  48  46  38  34  62 240 234  72  64 207 240  84  34  38  48
  51 106 235 230 233 237 240 224  79  54 237 240 229 226  92  47
  37  93 240 240 240 238 232 238  51  72 218 240 240 239 101  48
 229 231 240 198 102  92  97  92  54  51  92 102 234 237  82  48
 240 238 240 216  56  49  48  48  50  48  51  63 206 236  91  46
 240 240 240 239 236 232 240 238 238 232 234 240 239 237 106  48
 205 197 199 192 204 192 199 205 234 231 189 204 195 208 100  48
  43  48  42  46  43  49  47  75 228 223  84  50  50  46  41  41
  75  62  66  60  66  56  64  70 193 214  95  47  52  59  45  53
 240 236 230 230 229 226 225 216  59  49  43  52 196 220 223 220
 224 226 226 226 223 237 230 224  44  42  37  44 176 223 222 233
  56  55  52  55  59  55  57  82 214 221 219 216 220 218 102  53
  28  32  32  18  40  42  47  72 220 223 221 218 225 236  79  25
 229 222 217 185  48  41  40  67 217 223 217 213  92  70 192 200
 238 238 238 217  48  37  17  25 223 235 222 212  70  50 207 237
  84  72  70  76  44  79 193 190  82  91 209 213  75  38  73  70
  47  31  10   8   8  42 211 208  52  61 207 211  49  12  29  35
  44  98 192 193 187 199 219 203  53  56 207 214 187 185  69  36
  12  70 217 221 231 234 232 222  61  64 230 233 224 211  77  33
 179 190 213 187 108 110 111 105  50  45 106 123 202 206  70  35
 233 232 228 202  47  39  38  40  38  40  41  54 218 221  74  34
 232 228 227 225 223 221 225 227 225 218 221 228 228 222 112  49
 202 195 207 195 201 196 208 202 207 215 188 200 200 213  96  48
  43  47  45  50  45  50  48  66 209 208  81  50  50  48  43  43
  72  60  67  62  66  52  63  66 204 209  88  49  43  58  49  54
 223 220 218 211 213 214 211 198  75  47  44  45 180 206 208 204
 222 216 232 226 221 237 231 215  48  45  34  42 168 207 213 225
  59  56  56  56  59  57  56  70 208 207 206 202 208 204 104  53
  31  29  30  19  40  45  47  72 186 208 208 205 216 226  84  31
 208 206 204 184  35  43  41  63 203 207 208 199  92  72 163 193
 232 230 223 212  49  36  19  20 222 226 213 203  83  48 189 228
  87  75  71  81  48  57 195 176  95  88 206 199  74  41  77  74
  47  35  12   9  10  38 197 198  42  53 195 200  48  13  35  46
  46  89 180 182 181 183 198 198  46  59 177 204 181 175  56  45
  12  62 202 203 221 224 220 206  73  57 222 224 210 194  76  40
 172 178 199 185 106 114 111 109  50  45 107 124 180 195  86  44
 216 221 217 190  46  40  38  42  45  42  45  53 206 212  71  43

