  51  95 240 240 240 240 240 240 240 240  92  53  48  48  48  49
 148 138 240 240 240 240 209 193 240 240 142 113  69  48  50  52
 240 240 240 240 240 228  75  41 240 240 240 240 100  50  49  52
 240 240 240 237 224 219  59  47 237 240 240 240 163 133  75  52
 240 240 240 225  65  60  54  52 236 240 240 240 240 240 128  53
 240 237 240 211  63  50  52  55 237 216 239 240 240 240 146  94
 240 213  74  68  57  60  56  54  56  51 236 240 240 240 240 240
 240 203  75  90  53  46  52  52  89  78 239 240 240 233 212 202
  82 130 240 224  59  71 240 240 240 234 240 240 106  58  62  75
  42 115 239 228  55  85 240 240 240 240 240 238 109  50  54  48
 240 199 107 129 232 225  77  61 240 240 113  62  62  53  55  51
 240 215  67  96 240 230  83  75 240 240  91  53  51  50  47  55
 105 146 210 201  99 113 201 205 118  99  60  59  50  33 202 240
  63 135 240 227  71  88 240 236  86  56  58  58  62  35 209 240
 190 197 137 168 214 196 122 123  72  62  62  47 183 213 233 240
 240 204  67 111 240 236  82  63  63  62  63  56 229 240 240 240
  45  58 240 240 240 240 240 240 240 238 103  47  46  46  45  44
 120 119 240 240 240 240 209 173 233 238 147 124  77  46  45  44
 240 240 240 240 240 240  76  12 227 240 239 239 111  45  47  46
 240 240 240 237 211 223  63  13 228 240 240 240 153 109  78  46
 240 240 240 227  67  55  46   7 226 240 240 239 235 237 136  44
 240 239 230 216  57  48  47  17 202 207 236 240 240 239 153  89
 240 223  72  65  48  48  48  45  55  23 217 240 240 240 236 239
 240 210  82  69  49  44  64  72  67  33 212 240 234 227 228 225
  67  89 235 227  58  20 229 230 234 231 237 239 135  64  59  63
  55  76 237 222  63  56 229 235 240 240 239 240 118  48  47  47
 225 209  96  74 229 222  93  34 232 238 128  83  60  48  48  47
 240 214  56  48 240 236  74  35 222 238 100  48  45  44  48  59
 109 104 221 212 113  69 213 224 110 106  61  46  47  21 149 222
  51 111 240 225  66  28 240 240  84  48  47  45  49  23 171 240
 205 203 138 117 208 198 142 130  61  47  48  18 164 209 227 240
 240 211  64  76 240 235  74  48  48  48  48  20 217 240 240 240
  45  60 235 233 229 228 227 224 225 233 107  48  45  44  40  46
  93 129 240 240 237 227 171 156 219 226 143 125  77  46  46  44
 237 240 240 240 230 233  79  13 213 220 218 219 113  45  47  44
 229 228 229 231 187 204  64  14 210 224 224 223 133  92  76  46
 225 229 226 227  68  54  47   8 211 224 224 224 223 230 138  44
 232 230 200 202  57  48  47  10 172 189 220 224 224 231 158  91
 240 210  66  68  48  47  49  42  57  22 203 225 224 223 220 223
 222 208  87  58  49  33  76  89  59  27 204 224 197 202 215 223
  52  87 214 226  60  22 215 212 217 219 225 226 137  63  54  51
  66  74 226 221  67  58 207 230 230 227 220 217 118  48  45  46
 202 187  70  63 218 207 100  32 223 238 119  92  61  48  46  47
 240 202  55  47 223 230  65  27 211 230 104  48  47  42  44  64
  91  94 216 211 120  66 213 219  95  99  62  45  47  20 139 184
  43 104 239 232  61  31 236 232  88  48  47  47  45  25 158 228
 202 203 122 106 192 200 132 110  63  47  50  16 158 207 223 238
 240 189  65  73 240 240  82  50  48  48  48  20 213 240 240 240

  49  52  52  52  53  94 240 202  75  48  51  55 240 240 240 240
  48  50  49  75 128 146 240 212  62  54  55  47 202 209 233 240
  48  48  50 133 240 240 240 233  58  50  53  50  33  35 213 240
  48  69 100 163 240 240 240 240 106 109  62  51  50  62 183 229
  53 113 240 240 240 240 240 240 240 238  62  53  59  58  47  56
  92 142 240 240 240 239 236 239 240 240 113  91  60  58  62  63
 240 240 240 240 240 216  51  78 234 240 240 240  99  56  62  62
 240 240 240 237 236 237  56  89 240 240 240 240 118  86  72  63
 240 193  41  47  52  55  54  52 240 240  61  75 205 236 123  63
 240 209  75  59  54  52  56  52 240 240  77  83 201 240 122  82
 240 240 228 219  60  50  60  46  71  85 225 230 113  88 196 236
 240 240 240 224  65  63  57  53  59  55 232 240  99  71 214 240
 240 240 240 237 225 211  68  90 224 228 129  96 201 227 168 111
 240 240 240 240 240 240  74  75 240 239 107  67 210 240 137  67
  95 138 240 240 240 237 213 203 130 115 199 215 146 135 197 204
  51 148 240 240 240 240 240 240  82  42 240 240 105  63 190 240
  44  44  46  46  44  89 239 225  63  47  47  59 222 240 240 240
  45  45  47  78 136 153 236 228  59  47  48  48 149 171 227 240
  46  46  45 109 237 239 240 227  64  48  48  44  21  23 209 240
  46  77 111 153 235 240 240 234 135 118  60  45  47  49 164 217
  47 124 239 240 239 240 240 240 239 240  83  48  46  45  18  20
 103 147 239 240 240 236 217 212 237 239 128 100  61  47  48  48
 238 238 240 240 240 207  23  33 231 240 238 238 106  48  47  48
 240 233 227 228 226 202  55  67 234 240 232 222 110  84  61  48
 240 173  12  13   7  17  45  72 230 235  34  35 224 240 130  48
 240 209  76  63  46  47  48  64 229 229  93  74 213 240 142  74
 240 240 240 223  55  48  48  44  20  56 222 236  69  28 198 235
 240 240 240 211  67  57  48  49  58  63 229 240 113  66 208 240
 240 240 240 237 227 216  65  69 227 222  74  48 212 225 117  76
 240 240 240 240 240 230  72  82 235 237  96  56 221 240 138  64
  58 119 240 240 240 239 223 210  89  76 209 214 104 111 203 211
  45 120 240 240 240 240 240 240  67  55 225 240 109  51 205 240
  46  44  44  46  44  91 223 223  51  46  47  64 184 228 238 240
  40  46  47  76 138 158 220 215  54  45  46  44 139 158 223 240
  44  46  45  92 230 231 223 202  63  48  48  42  20  25 207 240
  45  77 113 133 223 224 224 197 137 118  61  47  47  45 158 213
  48 125 219 223 224 224 225 224 226 217  92  48  45  47  16  20
 107 143 218 224 224 220 203 204 225 220 119 104  62  47  50  48
 233 226 220 224 224 189  22  27 219 227 238 230  99  48  47  48
 225 219 213 210 211 172  57  59 217 230 223 211  95  88  63  48
 224 156  13  14   8  10  42  89 212 230  32  27 219 232 110  50
 227 171  79  64  47  47  49  76 215 207 100  65 213 236 132  82
 228 227 233 204  54  48  47  33  22  58 207 230  66  31 200 240
 229 237 230 187  68  57  48  49  60  67 218 223 120  61 192 240
 233 240 240 231 227 202  68  58 226 221  63  47 211 232 106  73
 235 240 240 229 226 200  66  87 214 226  70  55 216 239 122  65
  60 129 240 228 229 230 210 208  87  74 187 202  94 104 203 189
  45  93 237 229 225 232 240 222  52  66 202 240  91  43 202 240

 240 240 240 229  56  63  62  63  63  82 236 240 111  67 204 240
 240 233 213 183  47  62  62  72 123 122 196 214 168 137 197 190
 240 209  35  62  58  58  56  86 236 240  88  71 227 240 135  63
 240 202  33  50  59  60  99 118 205 201 113  99 201 210 146 105
  55  47  50  51  53  91 240 240  75  83 230 240  96  67 215 240
  51  55  53  62  62 113 240 240  61  77 225 232 129 107 199 240
  48  54  50 109 238 240 240 240 240 240  85  55 228 239 115  42
  75  62  58 106 240 240 234 240 240 240  71  59 224 240 130  82
 202 212 233 240 240 239  78  89  52  52  46  53  90  75 203 240
 240 240 240 240 240 236  51  56  54  56  60  57  68  74 213 240
  94 146 240 240 240 239 216 237  55  52  50  63 211 240 237 240
  53 128 240 240 240 240 240 236  52  54  60  65 225 240 240 240
  52  75 133 163 240 240 240 237  47  59 219 224 237 240 240 240
  52  49  50 100 240 240 240 240  41  75 228 240 240 240 240 240
  52  50  48  69 113 142 240 240 193 209 240 240 240 240 138 148
  49  48  48  48  53  92 240 240 240 240 240 240 240 240  95  51
 240 240 240 217  20  48  48  48  48  74 235 240  76  64 211 240
 240 227 209 164  18  48  47  61 130 142 198 208 117 138 203 205
 240 171  23  49  45  47  48  84 240 240  28  66 225 240 111  51
 222 149  21  47  46  61 106 110 224 213  69 113 212 221 104 109
  59  48  44  45  48 100 238 222  35  74 236 240  48  56 214 240
  47  48  48  60  83 128 238 232  34  93 222 229  74  96 209 225
  47  47  48 118 240 239 240 240 235 229  56  63 222 237  76  55
  63  59  64 135 239 237 231 234 230 229  20  58 227 235  89  67
 225 228 227 234 240 212  33  67  72  64  44  49  69  82 210 240
 239 236 240 240 240 217  23  55  45  48  48  48  65  72 223 240
  89 153 239 240 240 236 207 202  17  47  48  57 216 230 239 240
  44 136 237 235 239 240 240 226   7  46  55  67 227 240 240 240
  46  78 109 153 240 240 240 228  13  63 223 211 237 240 240 240
  46  47  45 111 239 239 240 227  12  76 240 240 240 240 240 240
  44  45  46  77 124 147 238 233 173 209 240 240 240 240 119 120
  44  45  46  46  47 103 238 240 240 240 240 240 240 240  58  45
 240 240 240 213  20  48  48  48  50  82 240 240  73  65 189 240
 238 223 207 158  16  50  47  63 110 132 200 192 106 122 203 202
 228 158  25  45  47  47  48  88 232 236  31  61 232 239 104  43
 184 139  20  47  45  62  99  95 219 213  66 120 211 216  94  91
  64  44  42  47  48 104 230 211  27  65 230 223  47  55 202 240
  47  46  48  61  92 119 238 223  32 100 207 218  63  70 187 202
  46  45  48 118 217 220 227 230 230 207  58  67 221 226  74  66
  51  54  63 137 226 225 219 217 212 215  22  60 226 214  87  52
 223 215 202 197 224 204  27  59  89  76  33  49  58  87 208 222
 223 220 223 224 225 203  22  57  42  49  47  48  68  66 210 240
  91 158 231 224 224 220 189 172  10  47  48  57 202 200 230 232
  44 138 230 223 224 224 224 211   8  47  54  68 227 226 229 225
  46  76  92 133 223 224 224 210  14  64 204 187 231 229 228 229
  44  47  45 113 219 218 220 213  13  79 233 230 240 240 240 237
  44  46  46  77 125 143 226 219 156 171 227 237 240 240 129  93
  46  40  44  45  48 107 233 225 224 227 228 229 233 235  60  45

 240 190  63 105 240 240  42  82 240 240 240 240 240 240 148  51
 204 197 135 146 215 199 115 130 203 213 237 240 240 240 138  95
  67 137 240 210  67 107 239 240  75  74 240 240 240 240 240 240
 111 168 227 201  96 129 228 224  90  68 211 225 237 240 240 240
 240 214  71  99 240 232  55  59  53  57  63  65 224 240 240 240
 236 196  88 113 230 225  85  71  46  60  50  60 219 228 240 240
  82 122 240 201  83  77 240 240  52  56  52  54  59  75 209 240
  63 123 236 205  75  61 240 240  52  54  55  52  47  41 193 240
  63  72  86 118 240 240 240 240  89  56 237 236 237 240 240 240
  62  62  56  99 240 240 240 234  78  51 216 240 240 240 240 240
  63  62  58  60  91 113 240 240 239 236 239 240 240 240 142  92
  56  47  58  59  53  62 238 240 240 240 240 240 240 240 113  53
 229 183  62  50  51  62 109 106 240 240 240 240 163 100  69  48
 240 213  35  33  50  53  50  58 233 240 240 240 133  50  48  48
 240 233 209 202  47  55  54  62 212 240 146 128  75  49  50  48
 240 240 240 240  55  51  48  75 202 240  94  53  52  52  52  49
 240 205  51 109 240 225  55  67 240 240 240 240 240 240 120  45
 211 203 111 104 214 209  76  89 210 223 239 240 240 240 119  58
  64 138 240 221  56  96 237 235  82  72 230 240 240 240 240 240
  76 117 225 212  48  74 222 227  69  65 216 227 237 240 240 240
 240 208  66 113 240 229  63  58  49  48  57  67 211 240 240 240
 235 198  28  69 236 222  56  20  44  48  48  55 223 240 240 240
  74 142 240 213  74  93 229 229  64  48  47  46  63  76 209 240
  48 130 240 224  35  34 235 230  72  45  17   7  13  12 173 240
  48  61  84 110 222 232 240 234  67  55 202 226 228 227 233 240
  48  47  48 106 238 238 240 231  33  23 207 240 240 240 238 238
  48  48  47  61 100 128 239 237 212 217 236 240 240 239 147 103
  20  18  45  46  48  83 240 239 240 240 240 239 240 239 124  47
 217 164  49  47  45  60 118 135 234 240 240 235 153 111  77  46
 240 209  23  21  44  48  48  64 227 240 239 237 109  45  46  46
 240 227 171 149  48  48  47  59 228 236 153 136  78  47  45  45
 240 240 240 222  59  47  47  63 225 239  89  44  46  46  44  44
 240 202  43  91 240 202  66  52 222 240 232 225 229 237  93  45
 189 203 104  94 202 187  74  87 208 210 230 229 228 240 129  60
  65 122 239 216  55  70 226 214  87  66 200 226 229 240 240 235
  73 106 232 211  47  63 221 226  58  68 202 227 231 240 240 233
 240 192  61 120 223 218  67  60  49  48  57  68 187 230 237 229
 240 200  31  66 230 207  58  22  33  47  48  54 204 233 227 228
  82 132 236 213  65 100 207 215  76  49  47  47  64  79 171 227
  50 110 232 219  27  32 230 212  89  42  10   8  14  13 156 224
  48  63  88  95 211 223 230 217  59  57 172 211 210 213 219 225
  48  47  48  99 230 238 227 219  27  22 189 224 224 220 226 233
  48  50  47  62 104 119 220 225 204 203 220 224 224 218 143 107
  20  16  47  45  48  92 217 226 224 225 224 224 223 219 125  48
 213 158  45  47  47  61 118 137 197 224 224 223 133 113  77  45
 240 207  25  20  42  48  48  63 202 223 231 230  92  45  46  44
 240 223 158 139  44  46  45  54 215 220 158 138  76  47  46  40
 240 238 228 184  64  47  46  51 223 223  91  44  46  44  44  46

