 240 225  97  43 208 240 240 240 162  52 166 240 240 240 240 240
 162 161  85  34 203 240 202 156 121  56 101 191 215 240 240 240
  65  62  61  31 217 240 142  61  62  65  61  58 154 240 240 240
  61  63  61  37 168 182 131  56  85 122 138 141 190 240 215 210
  63  59  54  62  61  63  63  46 198 240 240 240 240 240 187  64
  62  51  93  96  79  66  63  42 154 218 219 240 240 240 214 149
  60  47 236 240 114  62  62  60  59  54 153 240 240 240 240 240
  62  45 238 240 115  48  88 103 115 123 182 240 240 240 240 240
  60  53 240 240 105  37 210 240 240 240 240 240 240 240 240 240
 103 104 213 222 105  36 209 240 239 240 222 208 239 240 240 240
 240 240 141  56 236 240 131  48 177 240 178  75 148 240 240 240
 240 240  85  33 235 240 143  42 200 240 164  53 154 240 240 240
 240 236  99  52 233 240 132  59  58  75  72  43 160 240 178  64
 240 222 106  69 235 240 116  61  67  62  63  44 149 227 176  64
  87  79 240 240 155  96 212 240 132  60  62  58  93 111  89  62
  65  45 240 240 108  37 208 240 147  63  63  64  62  61  62  63
 240 240 110  22 182 240 240 240 175  35 109 240 240 240 240 240
 177 184  84  21 180 240 211 182 136  40  76 182 191 240 240 240
  48  48  46  21 186 240 155  46  48  45  43  43 117 240 240 240
  46  47  42  27 151 195 139  38  77 136 130 122 158 240 229 204
  45  48  46  46  47  49  49  29 159 240 240 240 240 240 209  56
  43  37  95 115  79  47  44  36 110 205 207 240 240 240 220 119
  47  15 210 240 145  47  44  43  48  39 120 240 240 240 240 240
  47  12 222 240 143  39  69  94  96  94 143 240 240 240 240 240
  48  13 240 240 120  29 175 240 240 240 240 240 240 240 240 240
  69  46 227 235 136  55 177 229 238 240 235 225 229 240 240 240
 240 239 124  35 209 240 157  50 151 240 186  59 105 240 240 240
 240 240 102  21 200 240 155  29 135 240 188  39 112 240 239 235
 240 240 109  17 192 240 153  44  60  76  69  33 116 240 209  77
 240 240 116  24 213 240 158  63  58  47  48  33 108 235 207  48
 104  79 234 238 163  66 195 239 152  46  47  42  58  86  80  44
  47  15 240 240 117  20 189 240 167  47  49  43  48  47  45  45
 240 240 111  22 182 240 240 240 177  36 108 240 240 240 240 240
 191 184  86  21 181 240 206 188 135  40  78 156 187 240 240 240
  49  48  45  21 189 240 156  48  48  47  45  44 115 240 240 240
  46  49  46  26 153 197 131  39  83 152 129 109 154 240 231 171
  45  48  48  46  46  48  49  30 156 240 240 240 240 240 210  56
  47  33 118 122  77  47  47  36 112 190 205 240 240 240 217  98
  47  16 214 240 147  46  47  45  46  39 120 240 240 240 240 240
  47  13 224 238 143  40  70  93  78  82 147 240 240 240 240 240
  49  14 240 239 122  30 172 240 240 240 240 240 240 240 240 240
  50  28 238 239 149  76 162 211 238 240 240 232 228 240 240 240
 240 240 111  28 213 240 164  59 153 240 190  52 104 240 240 240
 240 240 106  21 205 236 153  32 125 240 191  38 111 240 234 210
 240 233 113  17 196 237 153  43  65  80  67  33 116 240 212  91
 240 237 109  21 214 237 161  70  59  47  49  34 104 240 210  48
 116  82 220 233 141  52 194 240 152  45  48  43  41  63  73  44
  50  15 240 240 117  18 190 240 171  47  49  45  48  47  48  44

 240 240 240 210  64 149 240 240 240 240 240 240  64  64  62  63
 240 240 240 215 187 214 240 240 240 240 240 240 178 176  89  62
 240 240 240 240 240 240 240 240 240 240 240 240 240 227 111  61
 240 215 154 190 240 240 240 240 240 239 148 154 160 149  93  62
 240 191  58 141 240 240 240 240 240 208  75  53  43  44  58  64
 166 101  61 138 240 219 153 182 240 222 178 164  72  63  62  63
  52  56  65 122 240 218  54 123 240 240 240 240  75  62  60  63
 162 121  62  85 198 154  59 115 240 239 177 200  58  67 132 147
 240 156  61  56  46  42  60 103 240 240  48  42  59  61 240 240
 240 202 142 131  63  63  62  88 210 209 131 143 132 116 212 208
 240 240 240 182  63  66  62  48  37  36 240 240 240 240  96  37
 208 203 217 168  61  79 114 115 105 105 236 235 233 235 155 108
  43  34  31  37  62  96 240 240 240 222  56  33  52  69 240 240
  97  85  61  61  54  93 236 238 240 213 141  85  99 106 240 240
 225 161  62  63  59  51  47  45  53 104 240 240 236 222  79  45
 240 162  65  61  63  62  60  62  60 103 240 240 240 240  87  65
 240 240 240 204  56 119 240 240 240 240 240 235  77  48  44  45
 240 240 240 229 209 220 240 240 240 240 240 239 209 207  80  45
 240 240 240 240 240 240 240 240 240 240 240 240 240 235  86  47
 240 191 117 158 240 240 240 240 240 229 105 112 116 108  58  48
 240 182  43 122 240 240 240 240 240 225  59  39  33  33  42  43
 109  76  43 130 240 207 120 143 240 235 186 188  69  48  47  49
  35  40  45 136 240 205  39  94 240 240 240 240  76  47  46  47
 175 136  48  77 159 110  48  96 240 238 151 135  60  58 152 167
 240 182  46  38  29  36  43  94 240 229  50  29  44  63 239 240
 240 211 155 139  49  44  44  69 175 177 157 155 153 158 195 189
 240 240 240 195  49  47  47  39  29  55 240 240 240 240  66  20
 182 180 186 151  47  79 145 143 120 136 209 200 192 213 163 117
  22  21  21  27  46 115 240 240 240 235  35  21  17  24 238 240
 110  84  46  42  46  95 210 222 240 227 124 102 109 116 234 240
 240 184  48  47  48  37  15  12  13  46 239 240 240 240  79  15
 240 177  48  46  45  43  47  47  48  69 240 240 240 240 104  47
 240 240 240 171  56  98 240 240 240 240 240 210  91  48  44  44
 240 240 240 231 210 217 240 240 240 240 240 234 212 210  73  48
 240 240 240 240 240 240 240 240 240 240 240 240 240 240  63  47
 240 187 115 154 240 240 240 240 240 228 104 111 116 104  41  48
 240 156  44 109 240 240 240 240 240 232  52  38  33  34  43  45
 108  78  45 129 240 205 120 147 240 240 190 191  67  49  48  49
  36  40  47 152 240 190  39  82 240 240 240 240  80  47  45  47
 177 135  48  83 156 112  46  78 240 238 153 125  65  59 152 171
 240 188  48  39  30  36  45  93 240 211  59  32  43  70 240 240
 240 206 156 131  49  47  47  70 172 162 164 153 153 161 194 190
 240 240 240 197  48  47  46  40  30  76 240 236 237 237  52  18
 182 181 189 153  46  77 147 143 122 149 213 205 196 214 141 117
  22  21  21  26  46 122 240 238 239 239  28  21  17  21 233 240
 111  86  45  46  48 118 214 224 240 238 111 106 113 109 220 240
 240 184  48  49  48  33  16  13  14  28 240 240 233 237  82  15
 240 191  49  46  45  47  47  47  49  50 240 240 240 240 116  50

  63  62  61  62  64  63  63 147 240 208  37 108 240 240  45  65
  62  89 111  93  58  62  60 132 240 212  96 155 240 240  79  87
  64 176 227 149  44  63  62  67  61 116 240 235  69 106 222 240
  64 178 240 160  43  72  75  58  59 132 240 233  52  99 236 240
 240 240 240 154  53 164 240 200  42 143 240 235  33  85 240 240
 240 240 240 148  75 178 240 177  48 131 240 236  56 141 240 240
 240 240 240 239 208 222 240 239 240 209  36 105 222 213 104 103
 240 240 240 240 240 240 240 240 240 210  37 105 240 240  53  60
 240 240 240 240 240 182 123 115 103  88  48 115 240 238  45  62
 240 240 240 240 240 153  54  59  60  62  62 114 240 236  47  60
 149 214 240 240 240 219 218 154  42  63  66  79  96  93  51  62
  64 187 240 240 240 240 240 198  46  63  63  61  62  54  59  63
 210 215 240 190 141 138 122  85  56 131 182 168  37  61  63  61
 240 240 240 154  58  61  65  62  61 142 240 217  31  61  62  65
 240 240 240 215 191 101  56 121 156 202 240 203  34  85 161 162
 240 240 240 240 240 166  52 162 240 240 240 208  43  97 225 240
  45  45  47  48  43  49  47 167 240 189  20 117 240 240  15  47
  44  80  86  58  42  47  46 152 239 195  66 163 238 234  79 104
  48 207 235 108  33  48  47  58  63 158 240 213  24 116 240 240
  77 209 240 116  33  69  76  60  44 153 240 192  17 109 240 240
 235 239 240 112  39 188 240 135  29 155 240 200  21 102 240 240
 240 240 240 105  59 186 240 151  50 157 240 209  35 124 239 240
 240 240 240 229 225 235 240 238 229 177  55 136 235 227  46  69
 240 240 240 240 240 240 240 240 240 175  29 120 240 240  13  48
 240 240 240 240 240 143  94  96  94  69  39 143 240 222  12  47
 240 240 240 240 240 120  39  48  43  44  47 145 240 210  15  47
 119 220 240 240 240 207 205 110  36  44  47  79 115  95  37  43
  56 209 240 240 240 240 240 159  29  49  49  47  46  46  48  45
 204 229 240 158 122 130 136  77  38 139 195 151  27  42  47  46
 240 240 240 117  43  43  45  48  46 155 240 186  21  46  48  48
 240 240 240 191 182  76  40 136 182 211 240 180  21  84 184 177
 240 240 240 240 240 109  35 175 240 240 240 182  22 110 240 240
  44  48  47  48  45  49  47 171 240 190  18 117 240 240  15  50
  44  73  63  41  43  48  45 152 240 194  52 141 233 220  82 116
  48 210 240 104  34  49  47  59  70 161 237 214  21 109 237 240
  91 212 240 116  33  67  80  65  43 153 237 196  17 113 233 240
 210 234 240 111  38 191 240 125  32 153 236 205  21 106 240 240
 240 240 240 104  52 190 240 153  59 164 240 213  28 111 240 240
 240 240 240 228 232 240 240 238 211 162  76 149 239 238  28  50
 240 240 240 240 240 240 240 240 240 172  30 122 239 240  14  49
 240 240 240 240 240 147  82  78  93  70  40 143 238 224  13  47
 240 240 240 240 240 120  39  46  45  47  46 147 240 214  16  47
  98 217 240 240 240 205 190 112  36  47  47  77 122 118  33  47
  56 210 240 240 240 240 240 156  30  49  48  46  46  48  48  45
 171 231 240 154 109 129 152  83  39 131 197 153  26  46  49  46
 240 240 240 115  44  45  47  48  48 156 240 189  21  45  48  49
 240 240 240 187 156  78  40 135 188 206 240 181  21  86 184 191
 240 240 240 240 240 108  36 177 240 240 240 182  22 111 240 240

  65  87 240 240 240 240 103  60  62  60  62  63  61  65 162 240
  45  79 222 236 240 240 104  53  45  47  51  59  63  62 161 225
 240 240 106  99  85 141 213 240 238 236  93  54  61  61  85  97
 240 240  69  52  33  56 222 240 240 240  96  62  37  31  34  43
 108 155 235 233 235 236 105 105 115 114  79  61 168 217 203 208
  37  96 240 240 240 240  36  37  48  62  66  63 182 240 240 240
 208 212 116 132 143 131 209 210  88  62  63  63 131 142 202 240
 240 240  61  59  42  48 240 240 103  60  42  46  56  61 156 240
 147 132  67  58 200 177 239 240 115  59 154 198  85  62 121 162
  63  60  62  75 240 240 240 240 123  54 218 240 122  65  56  52
  63  62  63  72 164 178 222 240 182 153 219 240 138  61 101 166
  64  58  44  43  53  75 208 240 240 240 240 240 141  58 191 240
  62  93 149 160 154 148 239 240 240 240 240 240 190 154 215 240
  61 111 227 240 240 240 240 240 240 240 240 240 240 240 240 240
  62  89 176 178 240 240 240 240 240 240 214 187 215 240 240 240
  63  62  64  64 240 240 240 240 240 240 149  64 210 240 240 240
  47 104 240 240 240 240  69  48  47  47  43  45  46  48 177 240
  15  79 240 240 240 239  46  13  12  15  37  48  47  48 184 240
 240 234 116 109 102 124 227 240 222 210  95  46  42  46  84 110
 240 238  24  17  21  35 235 240 240 240 115  46  27  21  21  22
 117 163 213 192 200 209 136 120 143 145  79  47 151 186 180 182
  20  66 240 240 240 240  55  29  39  47  47  49 195 240 240 240
 189 195 158 153 155 157 177 175  69  44  44  49 139 155 211 240
 240 239  63  44  29  50 229 240  94  43  36  29  38  46 182 240
 167 152  58  60 135 151 238 240  96  48 110 159  77  48 136 175
  47  46  47  76 240 240 240 240  94  39 205 240 136  45  40  35
  49  47  48  69 188 186 235 240 143 120 207 240 130  43  76 109
  43  42  33  33  39  59 225 240 240 240 240 240 122  43 182 240
  48  58 108 116 112 105 229 240 240 240 240 240 158 117 191 240
  47  86 235 240 240 240 240 240 240 240 240 240 240 240 240 240
  45  80 207 209 239 240 240 240 240 240 220 209 229 240 240 240
  45  44  48  77 235 240 240 240 240 240 119  56 204 240 240 240
  50 116 240 240 240 240  50  49  47  47  47  45  46  49 191 240
  15  82 237 233 240 240  28  14  13  16  33  48  49  48 184 240
 240 220 109 113 106 111 238 240 224 214 118  48  46  45  86 111
 240 233  21  17  21  28 239 239 238 240 122  46  26  21  21  22
 117 141 214 196 205 213 149 122 143 147  77  46 153 189 181 182
  18  52 237 237 236 240  76  30  40  46  47  48 197 240 240 240
 190 194 161 153 153 164 162 172  70  47  47  49 131 156 206 240
 240 240  70  43  32  59 211 240  93  45  36  30  39  48 188 240
 171 152  59  65 125 153 238 240  78  46 112 156  83  48 135 177
  47  45  47  80 240 240 240 240  82  39 190 240 152  47  40  36
  49  48  49  67 191 190 240 240 147 120 205 240 129  45  78 108
  45  43  34  33  38  52 232 240 240 240 240 240 109  44 156 240
  48  41 104 116 111 104 228 240 240 240 240 240 154 115 187 240
  47  63 240 240 240 240 240 240 240 240 240 240 240 240 240 240
  48  73 210 212 234 240 240 240 240 240 217 210 231 240 240 240
  44  44  48  91 210 240 240 240 240 240  98  56 171 240 240 240

