  60  40 225 240 126  60  61  46 159 240 240 240 240 240 187  62
  59  45 174 190 147 155  98  42 176 240 222 163 186 240 197  58
  64  59  63  36 203 240 146  42 177 240 161  54 142 240 198  62
  58  59  64  41 180 188 130  47 112 173 161 116 185 240 200 134
  56  59  61  61  57  59  58  61  62  49 153 240 240 240 240 240
 105  96  75  47  80 124 144  89  95 132 188 240 240 240 237 198
 236 240 105  28 217 240 240 240 240 240 240 240 240 240 185  64
 238 233 143  98 213 202 209 240 222 199 230 238 202 208 199  62
 240 240 240 240 117  60  73  64  57  66  69  60  69  72  67  61
 226 240 227 214 122  79 103  65  57  99  88  57  71 103  69  62
  78  59  63  79 210 240 240 240 240 240 167  55 132 240 240 240
  61  62  62  36 208 240 240 240 240 240 153  52 145 240 236 240
  58  61  58  28 223 240 240 240 154  69  81  52 145 240 197  76
  65  65  47  61 218 240 240 240 146  47  66  64 145 240 194  61
 199 212 240 233 145  97  82  93 197 240 226 199 235 240 218 217
 240 240 240 240 109  55  59  38 187 240 240 240 240 240 240 240
  44  16 206 240 139  39  41  27 126 240 240 240 240 240 205  45
  47  29 155 168 137 140 106  27 122 240 221 181 173 240 211  46
  43  45  48  20 173 240 165  32 127 240 192  39  77 240 222  43
  43  41  47  30 149 203 141  33 101 193 169 117 144 240 226 114
  46  47  46  47  46  52  46  43  48  35 109 240 240 240 240 240
  92 108  64  37  79 105 101 101 100  96 140 240 240 240 238 219
 235 240 112  20 178 240 240 240 240 240 240 240 240 240 214  60
 225 239 140  72 175 229 224 224 224 222 225 218 228 221 210  46
 240 240 240 240 143  57  58  53  59  56  57  56  58  59  57  42
 231 234 236 232 145  69  74  68  72  67  77  41  44  69  67  66
  63  68  63  41 184 240 240 240 240 240 189  39  87 236 238 234
  48  48  45  18 182 240 240 240 240 240 188  36  84 240 240 240
  48  47  45  19 185 240 240 240 177  85  75  35 109 240 207  84
  52  48  49  22 187 240 240 240 167  51  53  44 102 240 207  48
 211 220 215 221 159 106 106  93 169 214 219 216 231 240 234 223
 240 240 240 240 124  47  48  25 155 240 240 240 240 240 240 240
  44  17 207 240 139  41  40  28 130 240 240 240 240 240 206  48
  47  24 129 147 151 135 104  29 121 240 218 168 178 240 210  45
  45  46  50  20 173 240 167  31 126 240 191  40  77 240 225  46
  44  41  47  29 130 200 141  33 103 194 166 130 139 240 229 105
  48  47  46  46  45  48  45  42  47  33 107 240 240 240 240 240
 104 122  63  40 103  94  84 125 110  77 142 240 240 240 232 202
 233 237 114  20 177 240 240 240 240 240 240 240 240 240 215  58
 225 240 132  69 171 230 220 199 211 226 205 196 227 217 195  49
 239 240 240 238 148  59  53  54  57  52  49  54  52  48  57  42
 218 204 239 236 166  74  55  78  96  51  69  40  37  52  71  85
  55  68  61  33 180 238 239 239 236 239 190  40  88 233 229 226
  47  47  47  20 182 240 240 240 236 228 189  35  89 240 239 225
  48  46  46  19 186 240 240 240 175  90  68  35 104 240 212  84
  39  46  64  18 185 240 240 240 170  64  44  27 102 240 204  47
 227 232 190 210 133  98 107  73 161 190 215 234 231 240 239 230
 240 240 240 240 125  47  47  24 154 240 240 240 240 240 240 240

  62  58  62 134 240 198  64  62  61  62 240 240  76  61 217 240
 187 197 198 200 240 237 185 199  67  69 240 236 197 194 218 240
 240 240 240 240 240 240 240 208  72 103 240 240 240 240 240 240
 240 186 142 185 240 240 240 202  69  71 132 145 145 145 235 240
 240 163  54 116 240 240 240 238  60  57  55  52  52  64 199 240
 240 222 161 161 153 188 240 230  69  88 167 153  81  66 226 240
 240 240 240 173  49 132 240 199  66  99 240 240  69  47 240 240
 159 176 177 112  62  95 240 222  57  57 240 240 154 146 197 187
  46  42  42  47  61  89 240 240  64  65 240 240 240 240  93  38
  61  98 146 130  58 144 240 209  73 103 240 240 240 240  82  59
  60 155 240 188  59 124 240 202  60  79 240 240 240 240  97  55
 126 147 203 180  57  80 217 213 117 122 210 208 223 218 145 109
 240 190  36  41  61  47  28  98 240 214  79  36  28  61 233 240
 225 174  63  64  61  75 105 143 240 227  63  62  58  47 240 240
  40  45  59  59  59  96 240 233 240 240  59  62  61  65 212 240
  60  59  64  58  56 105 236 238 240 226  78  61  58  65 199 240
  45  46  43 114 240 219  60  46  42  66 234 240  84  48 223 240
 205 211 222 226 240 238 214 210  57  67 238 240 207 207 234 240
 240 240 240 240 240 240 240 221  59  69 236 240 240 240 240 240
 240 173  77 144 240 240 240 228  58  44  87  84 109 102 231 240
 240 181  39 117 240 240 240 218  56  41  39  36  35  44 216 240
 240 221 192 169 109 140 240 225  57  77 189 188  75  53 219 240
 240 240 240 193  35  96 240 222  56  67 240 240  85  51 214 240
 126 122 127 101  48 100 240 224  59  72 240 240 177 167 169 155
  27  27  32  33  43 101 240 224  53  68 240 240 240 240  93  25
  41 106 165 141  46 101 240 224  58  74 240 240 240 240 106  48
  39 140 240 203  52 105 240 229  57  69 240 240 240 240 106  47
 139 137 173 149  46  79 178 175 143 145 184 182 185 187 159 124
 240 168  20  30  47  37  20  72 240 232  41  18  19  22 221 240
 206 155  48  47  46  64 112 140 240 236  63  45  45  49 215 240
  16  29  45  41  47 108 240 239 240 234  68  48  47  48 220 240
  44  47  43  43  46  92 235 225 240 231  63  48  48  52 211 240
  48  45  46 105 240 202  58  49  42  85 226 225  84  47 230 240
 206 210 225 229 240 232 215 195  57  71 229 239 212 204 239 240
 240 240 240 240 240 240 240 217  48  52 233 240 240 240 240 240
 240 178  77 139 240 240 240 227  52  37  88  89 104 102 231 240
 240 168  40 130 240 240 240 196  54  40  40  35  35  27 234 240
 240 218 191 166 107 142 240 205  49  69 190 189  68  44 215 240
 240 240 240 194  33  77 240 226  52  51 239 228  90  64 190 240
 130 121 126 103  47 110 240 211  57  96 236 236 175 170 161 154
  28  29  31  33  42 125 240 199  54  78 239 240 240 240  73  24
  40 104 167 141  45  84 240 220  53  55 239 240 240 240 107  47
  41 135 240 200  48  94 240 230  59  74 238 240 240 240  98  47
 139 151 173 130  45 103 177 171 148 166 180 182 186 185 133 125
 240 147  20  29  46  40  20  69 238 236  33  20  19  18 210 240
 207 129  50  47  46  63 114 132 240 239  61  47  46  64 190 240
  17  24  46  41  47 122 237 240 240 204  68  47  46  46 232 240
  44  47  45  44  48 104 233 225 239 218  55  47  48  39 227 240

 240 240 240 240 240 240 240 187  38  59  55 109 240 240 240 240
 217 218 240 235 199 226 240 197  93  82  97 145 233 240 212 199
  61 194 240 145  64  66  47 146 240 240 240 218  61  47  65  65
  76 197 240 145  52  81  69 154 240 240 240 223  28  58  61  58
 240 236 240 145  52 153 240 240 240 240 240 208  36  62  62  61
 240 240 240 132  55 167 240 240 240 240 240 210  79  63  59  78
  62  69 103  71  57  88  99  57  65 103  79 122 214 227 240 226
  61  67  72  69  60  69  66  57  64  73  60 117 240 240 240 240
  62 199 208 202 238 230 199 222 240 209 202 213  98 143 233 238
  64 185 240 240 240 240 240 240 240 240 240 217  28 105 240 236
 198 237 240 240 240 188 132  95  89 144 124  80  47  75  96 105
 240 240 240 240 240 153  49  62  61  58  59  57  61  61  59  56
 134 200 240 185 116 161 173 112  47 130 188 180  41  64  59  58
  62 198 240 142  54 161 240 177  42 146 240 203  36  63  59  64
  58 197 240 186 163 222 240 176  42  98 155 147 190 174  45  59
  62 187 240 240 240 240 240 159  46  61  60 126 240 225  40  60
 240 240 240 240 240 240 240 155  25  48  47 124 240 240 240 240
 223 234 240 231 216 219 214 169  93 106 106 159 221 215 220 211
  48 207 240 102  44  53  51 167 240 240 240 187  22  49  48  52
  84 207 240 109  35  75  85 177 240 240 240 185  19  45  47  48
 240 240 240  84  36 188 240 240 240 240 240 182  18  45  48  48
 234 238 236  87  39 189 240 240 240 240 240 184  41  63  68  63
  66  67  69  44  41  77  67  72  68  74  69 145 232 236 234 231
  42  57  59  58  56  57  56  59  53  58  57 143 240 240 240 240
  46 210 221 228 218 225 222 224 224 224 229 175  72 140 239 225
  60 214 240 240 240 240 240 240 240 240 240 178  20 112 240 235
 219 238 240 240 240 140  96 100 101 101 105  79  37  64 108  92
 240 240 240 240 240 109  35  48  43  46  52  46  47  46  47  46
 114 226 240 144 117 169 193 101  33 141 203 149  30  47  41  43
  43 222 240  77  39 192 240 127  32 165 240 173  20  48  45  43
  46 211 240 173 181 221 240 122  27 106 140 137 168 155  29  47
  45 205 240 240 240 240 240 126  27  41  39 139 240 206  16  44
 240 240 240 240 240 240 240 154  24  47  47 125 240 240 240 240
 230 239 240 231 234 215 190 161  73 107  98 133 210 190 232 227
  47 204 240 102  27  44  64 170 240 240 240 185  18  64  46  39
  84 212 240 104  35  68  90 175 240 240 240 186  19  46  46  48
 225 239 240  89  35 189 228 236 240 240 240 182  20  47  47  47
 226 229 233  88  40 190 239 236 239 239 238 180  33  61  68  55
  85  71  52  37  40  69  51  96  78  55  74 166 236 239 204 218
  42  57  48  52  54  49  52  57  54  53  59 148 238 240 240 239
  49 195 217 227 196 205 226 211 199 220 230 171  69 132 240 225
  58 215 240 240 240 240 240 240 240 240 240 177  20 114 237 233
 202 232 240 240 240 142  77 110 125  84  94 103  40  63 122 104
 240 240 240 240 240 107  33  47  42  45  48  45  46  46  47  48
 105 229 240 139 130 166 194 103  33 141 200 130  29  47  41  44
  46 225 240  77  40 191 240 126  31 167 240 173  20  50  46  45
  45 210 240 178 168 218 240 121  29 104 135 151 147 129  24  47
  48 206 240 240 240 240 240 130  28  40  41 139 240 207  17  44

 240 199  65  58  61  78 226 240 238 236 105  56  58  64  59  60
 240 212  65  61  62  59 240 240 233 240  96  59  59  59  45  40
 240 240  47  58  62  63 227 240 143 105  75  61  64  63 174 225
 240 233  61  28  36  79 214 240  98  28  47  61  41  36 190 240
 109 145 218 223 208 210 122 117 213 217  80  57 180 203 147 126
  55  97 240 240 240 240  79  60 202 240 124  59 188 240 155  60
  59  82 240 240 240 240 103  73 209 240 144  58 130 146  98  61
  38  93 240 240 240 240  65  64 240 240  89  61  47  42  42  46
 187 197 146 154 240 240  57  57 222 240  95  62 112 177 176 159
 240 240  47  69 240 240  99  66 199 240 132  49 173 240 240 240
 240 226  66  81 153 167  88  69 230 240 188 153 161 161 222 240
 240 199  64  52  52  55  57  60 238 240 240 240 116  54 163 240
 240 235 145 145 145 132  71  69 202 240 240 240 185 142 186 240
 240 240 240 240 240 240 103  72 208 240 240 240 240 240 240 240
 240 218 194 197 236 240  69  67 199 185 237 240 200 198 197 187
 240 217  61  76 240 240  62  61  62  64 198 240 134  62  58  62
 240 211  52  48  48  63 231 240 225 235  92  46  43  43  47  44
 240 220  48  47  48  68 234 240 239 240 108  47  41  45  29  16
 240 215  49  45  45  63 236 240 140 112  64  46  47  48 155 206
 240 221  22  19  18  41 232 240  72  20  37  47  30  20 168 240
 124 159 187 185 182 184 145 143 175 178  79  46 149 173 137 139
  47 106 240 240 240 240  69  57 229 240 105  52 203 240 140  39
  48 106 240 240 240 240  74  58 224 240 101  46 141 165 106  41
  25  93 240 240 240 240  68  53 224 240 101  43  33  32  27  27
 155 169 167 177 240 240  72  59 224 240 100  48 101 127 122 126
 240 214  51  85 240 240  67  56 222 240  96  35 193 240 240 240
 240 219  53  75 188 189  77  57 225 240 140 109 169 192 221 240
 240 216  44  35  36  39  41  56 218 240 240 240 117  39 181 240
 240 231 102 109  84  87  44  58 228 240 240 240 144  77 173 240
 240 240 240 240 240 236  69  59 221 240 240 240 240 240 240 240
 240 234 207 207 240 238  67  57 210 214 238 240 226 222 211 205
 240 223  48  84 240 234  66  42  46  60 219 240 114  43  46  45
 240 227  39  48  47  55 218 239 225 233 104  48  44  45  47  44
 240 232  46  46  47  68 204 240 240 237 122  47  41  46  24  17
 240 190  64  46  47  61 239 240 132 114  63  46  47  50 129 207
 240 210  18  19  20  33 236 238  69  20  40  46  29  20 147 240
 125 133 185 186 182 180 166 148 171 177 103  45 130 173 151 139
  47  98 240 240 240 238  74  59 230 240  94  48 200 240 135  41
  47 107 240 240 240 239  55  53 220 240  84  45 141 167 104  40
  24  73 240 240 240 239  78  54 199 240 125  42  33  31  29  28
 154 161 170 175 236 236  96  57 211 240 110  47 103 126 121 130
 240 190  64  90 228 239  51  52 226 240  77  33 194 240 240 240
 240 215  44  68 189 190  69  49 205 240 142 107 166 191 218 240
 240 234  27  35  35  40  40  54 196 240 240 240 130  40 168 240
 240 231 102 104  89  88  37  52 227 240 240 240 139  77 178 240
 240 240 240 240 240 233  52  48 217 240 240 240 240 240 240 240
 240 239 204 212 239 229  71  57 195 215 232 240 229 225 210 206
 240 230  47  84 225 226  85  42  49  58 202 240 105  46  45  48

