  60  49 235 240 240 240 240 240 145  62  58  46 188 240 182  65
  65  45 210 223 219 205 235 240 145  58 102  90 204 240 179  64
  64  62  68  66  61  64 213 240 145  42 173 240 240 240 185  64
 126 148 139 141  72  56 177 202 130  45 178 240 227 206 172  63
 240 240 240 240 110  62  60  76  69  47 179 240 174  68  73  64
 199 209 240 240 129 104 102 112  85  51 168 240 166  63  93  69
  84  85 240 240 240 240 240 240 240 240 239 240 159  50 138 240
  62  80 240 240 240 240 234 236 240 240 240 240 178  87 147 240
  61  62  68  71  80  95 114 110  95  70  87  62 180 240 240 240
  57  58  64  82  96  98  60  60  57  71  70  45 183 240 240 240
 240 240 240 240 201 222 238 240 240 240 141  58  95  92  90  95
 240 240 240 240 240 240 240 240 240 240 156  58  63  67  70  65
  98  90 128 112 123 114 135  88 216 240 229 240 240 227 168  68
  73  69  61  55  67  68  72  33 204 240 240 240 240 240 187  63
 187 192 210 228 236 201 187 189 152 166 152 139 198 240 228 218
 240 240 240 240 240 240 240 240 126  66  64  45 180 240 240 240
  48  12 236 240 240 240 240 240 166  48  48  32 120 240 204  48
  48  19 196 210 208 206 228 240 164  42  72  96 153 240 201  51
  48  48  57  62  59  32 180 240 162  33 137 240 240 240 198  52
 113 117 114 124  71  26 168 226 152  35 144 240 235 228 191  50
 240 240 240 240 124  47  55  66  57  32 154 240 200  66  63  48
 220 211 240 240 148  78  84  87  81  61 148 240 196  50  59  76
  67  19 240 240 240 240 239 240 240 240 238 240 186  36  79 240
  48  10 234 236 240 240 236 238 240 240 240 240 197  66 103 240
  49  49  79  84  83  88  92  95  94  94  92  73 147 237 239 240
  65  71  63  64  65  68  62  70  64  62  58  34 148 240 240 240
 239 230 234 236 219 226 235 225 229 234 182  44  66 113 112 107
 240 240 240 240 240 240 240 240 240 240 189  59  60  56  57  50
 111 111 122 126 127 126 129  94 196 240 230 212 215 221 192  53
  64  62  60  57  62  58  57  29 180 240 240 240 240 240 216  59
 208 211 209 201 207 205 197 203 171 157 156 128 190 240 230 195
 240 240 240 240 240 240 240 240 149  60  57  35 157 240 240 240
  48  12 232 240 240 240 240 240 166  48  48  33 119 240 204  50
  48  17 189 201 193 208 230 240 165  43  62 109 154 240 199  52
  48  48  57  63  63  36 180 240 164  34 142 240 240 240 199  53
 110 103 100 106  71  28 176 237 152  33 150 240 240 239 194  51
 240 240 240 240 125  48  56  61  56  32 156 240 201  66  66  49
 238 224 240 240 161  61  63  63  74  77 154 240 196  52  45  80
  64  15 240 240 240 240 239 239 240 240 237 240 190  38  84 240
  48   9 225 218 240 240 240 240 240 236 234 240 196  45 109 240
  49  48  97 102  89  80  71  89  92 114 103  83 144 239 240 240
  70  85  72  55  52  55  67  74  72  54  59  36 145 240 240 240
 239 209 217 226 240 240 238 196 202 216 179  42  51 120 113 111
 240 240 240 240 240 240 240 240 240 240 190  67  62  52  55  49
 113 121 110 134 122 133 118 105 197 240 228 190 192 203 197  55
  55  64  64  64  61  55  56  29 180 240 240 240 240 240 216  60
 219 215 203 187 190 206 190 202 189 137 141 125 194 240 225 192
 240 240 240 240 240 240 240 240 151  61  58  39 157 240 240 240

  65  64  64  63  64  69 240 240 240 240  95  65  68  63 218 240
 182 179 185 172  73  93 138 147 240 240  90  70 168 187 228 240
 240 240 240 206  68  63  50  87 240 240  92  67 227 240 240 240
 188 204 240 227 174 166 159 178 180 183  95  63 240 240 198 180
  46  90 240 240 240 240 240 240  62  45  58  58 240 240 139  45
  58 102 173 178 179 168 239 240  87  70 141 156 229 240 152  64
  62  58  42  45  47  51 240 240  70  71 240 240 240 240 166  66
 145 145 145 130  69  85 240 240  95  57 240 240 216 204 152 126
 240 240 240 202  76 112 240 236 110  60 240 240  88  33 189 240
 240 235 213 177  60 102 240 234 114  60 238 240 135  72 187 240
 240 205  64  56  62 104 240 240  95  98 222 240 114  68 201 240
 240 219  61  72 110 129 240 240  80  96 201 240 123  67 236 240
 240 223  66 141 240 240 240 240  71  82 240 240 112  55 228 240
 235 210  68 139 240 240 240 240  68  64 240 240 128  61 210 240
  49  45  62 148 240 209  85  80  62  58 240 240  90  69 192 240
  60  65  64 126 240 199  84  62  61  57 240 240  98  73 187 240
  48  51  52  50  48  76 240 240 240 240 107  50  53  59 195 240
 204 201 198 191  63  59  79 103 239 240 112  57 192 216 230 240
 240 240 240 228  66  50  36  66 237 240 113  56 221 240 240 240
 120 153 240 235 200 196 186 197 147 148  66  60 215 240 190 157
  32  96 240 240 240 240 240 240  73  34  44  59 212 240 128  35
  48  72 137 144 154 148 238 240  92  58 182 189 230 240 156  57
  48  42  33  35  32  61 240 240  94  62 234 240 240 240 157  60
 166 164 162 152  57  81 240 240  94  64 229 240 196 180 171 149
 240 240 240 226  66  87 240 238  95  70 225 240  94  29 203 240
 240 228 180 168  55  84 239 236  92  62 235 240 129  57 197 240
 240 206  32  26  47  78 240 240  88  68 226 240 126  58 205 240
 240 208  59  71 124 148 240 240  83  65 219 240 127  62 207 240
 240 210  62 124 240 240 240 236  84  64 236 240 126  57 201 240
 236 196  57 114 240 240 240 234  79  63 234 240 122  60 209 240
  12  19  48 117 240 211  19  10  49  71 230 240 111  62 211 240
  48  48  48 113 240 220  67  48  49  65 239 240 111  64 208 240
  50  52  53  51  49  80 240 240 240 240 111  49  55  60 192 240
 204 199 199 194  66  45  84 109 240 240 113  55 197 216 225 240
 240 240 240 239  66  52  38  45 239 240 120  52 203 240 240 240
 119 154 240 240 201 196 190 196 144 145  51  62 192 240 194 157
  33 109 240 240 240 240 240 240  83  36  42  67 190 240 125  39
  48  62 142 150 156 154 237 234 103  59 179 190 228 240 141  58
  48  43  34  33  32  77 240 236 114  54 216 240 240 240 137  61
 166 165 164 152  56  74 240 240  92  72 202 240 197 180 189 151
 240 240 240 237  61  63 239 240  89  74 196 240 105  29 202 240
 240 230 180 176  56  63 239 240  71  67 238 240 118  56 190 240
 240 208  36  28  48  61 240 240  80  55 240 240 133  55 206 240
 240 193  63  71 125 161 240 240  89  52 240 240 122  61 190 240
 240 201  63 106 240 240 240 218 102  55 226 240 134  64 187 240
 232 189  57 100 240 240 240 225  97  72 217 240 110  64 203 240
  12  17  48 103 240 224  15   9  48  85 209 240 121  64 215 240
  48  48  48 110 240 238  64  48  49  70 239 240 113  55 219 240

 240 240 240 180  45  64  66 126 240 240 240 240 240 240 240 240
 218 228 240 198 139 152 166 152 189 187 201 236 228 210 192 187
  63 187 240 240 240 240 240 204  33  72  68  67  55  61  69  73
  68 168 227 240 240 229 240 216  88 135 114 123 112 128  90  98
  65  70  67  63  58 156 240 240 240 240 240 240 240 240 240 240
  95  90  92  95  58 141 240 240 240 238 222 201 240 240 240 240
 240 240 240 183  45  70  71  57  60  60  98  96  82  64  58  57
 240 240 240 180  62  87  70  95 110 114  95  80  71  68  62  61
 240 147  87 178 240 240 240 240 236 234 240 240 240 240  80  62
 240 138  50 159 240 239 240 240 240 240 240 240 240 240  85  84
  69  93  63 166 240 168  51  85 112 102 104 129 240 240 209 199
  64  73  68 174 240 179  47  69  76  60  62 110 240 240 240 240
  63 172 206 227 240 178  45 130 202 177  56  72 141 139 148 126
  64 185 240 240 240 173  42 145 240 213  64  61  66  68  62  64
  64 179 240 204  90 102  58 145 240 235 205 219 223 210  45  65
  65 182 240 188  46  58  62 145 240 240 240 240 240 235  49  60
 240 240 240 157  35  57  60 149 240 240 240 240 240 240 240 240
 195 230 240 190 128 156 157 171 203 197 205 207 201 209 211 208
  59 216 240 240 240 240 240 180  29  57  58  62  57  60  62  64
  53 192 221 215 212 230 240 196  94 129 126 127 126 122 111 111
  50  57  56  60  59 189 240 240 240 240 240 240 240 240 240 240
 107 112 113  66  44 182 234 229 225 235 226 219 236 234 230 239
 240 240 240 148  34  58  62  64  70  62  68  65  64  63  71  65
 240 239 237 147  73  92  94  94  95  92  88  83  84  79  49  49
 240 103  66 197 240 240 240 240 238 236 240 240 236 234  10  48
 240  79  36 186 240 238 240 240 240 239 240 240 240 240  19  67
  76  59  50 196 240 148  61  81  87  84  78 148 240 240 211 220
  48  63  66 200 240 154  32  57  66  55  47 124 240 240 240 240
  50 191 228 235 240 144  35 152 226 168  26  71 124 114 117 113
  52 198 240 240 240 137  33 162 240 180  32  59  62  57  48  48
  51 201 240 153  96  72  42 164 240 228 206 208 210 196  19  48
  48 204 240 120  32  48  48 166 240 240 240 240 240 236  12  48
 240 240 240 157  39  58  61 151 240 240 240 240 240 240 240 240
 192 225 240 194 125 141 137 189 202 190 206 190 187 203 215 219
  60 216 240 240 240 240 240 180  29  56  55  61  64  64  64  55
  55 197 203 192 190 228 240 197 105 118 133 122 134 110 121 113
  49  55  52  62  67 190 240 240 240 240 240 240 240 240 240 240
 111 113 120  51  42 179 216 202 196 238 240 240 226 217 209 239
 240 240 240 145  36  59  54  72  74  67  55  52  55  72  85  70
 240 240 239 144  83 103 114  92  89  71  80  89 102  97  48  49
 240 109  45 196 240 234 236 240 240 240 240 240 218 225   9  48
 240  84  38 190 240 237 240 240 239 239 240 240 240 240  15  64
  80  45  52 196 240 154  77  74  63  63  61 161 240 240 224 238
  49  66  66 201 240 156  32  56  61  56  48 125 240 240 240 240
  51 194 239 240 240 150  33 152 237 176  28  71 106 100 103 110
  53 199 240 240 240 142  34 164 240 180  36  63  63  57  48  48
  52 199 240 154 109  62  43 165 240 230 208 193 201 189  17  48
  50 204 240 119  33  48  48 166 240 240 240 240 240 232  12  48

 240 187  73  98 240 240  57  61  62  84 199 240 126  64  65  60
 240 192  69  90 240 240  58  62  80  85 209 240 148  62  45  49
 240 210  61 128 240 240  64  68 240 240 240 240 139  68 210 235
 240 228  55 112 240 240  82  71 240 240 240 240 141  66 223 240
 240 236  67 123 240 201  96  80 240 240 129 110  72  61 219 240
 240 201  68 114 240 222  98  95 240 240 104  62  56  64 205 240
 240 187  72 135 240 238  60 114 234 240 102  60 177 213 235 240
 240 189  33  88 240 240  60 110 236 240 112  76 202 240 240 240
 126 152 204 216 240 240  57  95 240 240  85  69 130 145 145 145
  66 166 240 240 240 240  71  70 240 240  51  47  45  42  58  62
  64 152 240 229 156 141  70  87 240 239 168 179 178 173 102  58
  45 139 240 240  58  58  45  62 240 240 240 240 240 240  90  46
 180 198 240 240  63  95 183 180 178 159 166 174 227 240 204 188
 240 240 240 227  67  92 240 240  87  50  63  68 206 240 240 240
 240 228 187 168  70  90 240 240 147 138  93  73 172 185 179 182
 240 218  63  68  65  95 240 240 240 240  69  64  63  64  64  65
 240 208  64 111 240 239  65  49  48  67 220 240 113  48  48  48
 240 211  62 111 240 230  71  49  10  19 211 240 117  48  19  12
 240 209  60 122 240 234  63  79 234 240 240 240 114  57 196 236
 240 201  57 126 240 236  64  84 236 240 240 240 124  62 210 240
 240 207  62 127 240 219  65  83 240 240 148 124  71  59 208 240
 240 205  58 126 240 226  68  88 240 240  78  47  26  32 206 240
 240 197  57 129 240 235  62  92 236 239  84  55 168 180 228 240
 240 203  29  94 240 225  70  95 238 240  87  66 226 240 240 240
 149 171 180 196 240 229  64  94 240 240  81  57 152 162 164 166
  60 157 240 240 240 234  62  94 240 240  61  32  35  33  42  48
  57 156 240 230 189 182  58  92 240 238 148 154 144 137  72  48
  35 128 240 212  59  44  34  73 240 240 240 240 240 240  96  32
 157 190 240 215  60  66 148 147 197 186 196 200 235 240 153 120
 240 240 240 221  56 113 240 237  66  36  50  66 228 240 240 240
 240 230 216 192  57 112 240 239 103  79  59  63 191 198 201 204
 240 195  59  53  50 107 240 240 240 240  76  48  50  52  51  48
 240 219  55 113 240 239  70  49  48  64 238 240 110  48  48  48
 240 215  64 121 240 209  85  48   9  15 224 240 103  48  17  12
 240 203  64 110 240 217  72  97 225 240 240 240 100  57 189 232
 240 187  64 134 240 226  55 102 218 240 240 240 106  63 201 240
 240 190  61 122 240 240  52  89 240 240 161 125  71  63 193 240
 240 206  55 133 240 240  55  80 240 240  61  48  28  36 208 240
 240 190  56 118 240 238  67  71 240 239  63  56 176 180 230 240
 240 202  29 105 240 196  74  89 240 239  63  61 237 240 240 240
 151 189 180 197 240 202  72  92 240 240  74  56 152 164 165 166
  61 137 240 240 240 216  54 114 236 240  77  32  33  34  43  48
  58 141 240 228 190 179  59 103 234 237 154 156 150 142  62  48
  39 125 240 190  67  42  36  83 240 240 240 240 240 240 109  33
 157 194 240 192  62  51 145 144 196 190 196 201 240 240 154 119
 240 240 240 203  52 120 240 239  45  38  52  66 239 240 240 240
 240 225 216 197  55 113 240 240 109  84  45  66 194 199 199 204
 240 192  60  55  49 111 240 240 240 240  80  49  51  53  52  50

