 235 240 153  59 151 240 240 240 240 240 218  64  59 240 240 240
 141 149 117  58 157 240 221 146 183 240 224 137 148 240 240 240
  63  64  65  59 163 240 204  66 108 240 240 240 240 240 240 240
 105 117 124 120 198 240 217 133 158 204 203 205 207 240 240 212
 239 240 240 240 240 240 240 240 218  65  63  64 106 240 231  96
 240 240 240 240 233 240 240 240 225  93 101  65  82 240 223 107
 240 240 121  55 182 240 240 240 240 240 208  70  78 240 240 240
 197 201 154  69 205 240 240 240 240 240 202  69  91 240 239 233
  74  76 212 240 240 240 189  76  73  72  69  61  61  59  60  66
 108 105 215 228 231 240 175  51  73  63  50  84  96  63  64  64
 240 240 146 116 112  95 177 240 193  62 118 240 227  73  64  64
 240 240 124  67  68  59 174 240 199  63 113 240 213 113 101  64
 240 240 123  65  68  54 153 240 176  65  53  65 129 240 228  71
 240 240 123  65  64  49 163 240 157  66  64  62 146 240 216  69
 115 126 195 199 210 224 159 107  93  63  60  64  93 121 114  64
  73  58 240 240 240 240 145  66  72  65  66  70  64  68  65  62
 236 240 166  45 128 240 240 240 240 240 240  54  31 240 240 240
 163 178 133  41 134 240 233 177 165 240 239 168 152 240 240 240
  49  49  49  48 125 240 219  52  64 240 240 240 240 240 240 240
 127 135 140 138 183 240 227 141 143 185 185 186 179 240 238 199
 240 240 240 240 240 240 240 240 233  56  53  51  29 240 240  98
 240 240 227 213 211 240 240 240 238 122 126  53  31 240 240 143
 240 240 151  44 120 240 240 240 240 240 231  66  49 240 240 240
 219 224 173  82 136 240 237 233 230 228 230  59  53 217 216 216
  66  52 190 240 240 240 205  65  61  61  59  49  49  63  67  67
  77  64 206 233 236 240 204  82  83  49  52  92 101  52  53  48
 240 240 165  90  87  69 124 240 226  56  61 240 239  66  48  52
 240 240 157  63  59  49 138 240 221  54  77 240 226  91  88  53
 240 240 152  62  62  46 130 240 212  53  54  86 112 240 240  58
 240 237 136  68  63  48 145 240 204  54  51  48  91 240 234  62
 118  97 227 227 228 231 180 120 108  55  51  53  52 110 106  58
  62  39 240 240 240 240 159  63  56  58  55  52  49  59  56  54
 232 240 170  46 128 240 240 240 240 240 240  60  30 240 240 240
 175 193 136  45 134 240 235 182 166 240 240 192 170 240 240 240
  51  49  51  44 124 240 221  55  61 240 240 240 240 240 240 240
 144 149 152 150 182 240 228 155 141 149 148 147 166 240 240 162
 236 240 240 240 240 240 240 240 232  56  55  51  34 240 240  99
 239 240 212 196 211 240 240 240 240 149 138  53  33 240 240 163
 240 240 154  37 120 240 240 240 240 240 232  68  49 240 240 240
 238 234 165  85 141 240 231 200 199 199 213  59  48 197 198 200
  55  40 188 240 240 240 203  56  53  54  56  47  45  64  69  71
  46  39 205 240 240 240 208 101  88  50  52 105 106  55  52  48
 240 237 157  65  67  57 131 240 225  56  64 240 240  69  54  49
 240 236 157  62  58  45 141 240 224  53  81 240 221  64  68  47
 240 231 153  63  61  41 131 240 212  53  53  94 108 240 240  59
 240 237 146  65  65  46 144 240 205  57  50  46  87 240 236  61
 110  89 240 240 240 240 184 128 108  55  50  52  42  74  89  60
  60  34 240 240 240 240 158  61  58  52  53  53  49  49  55  52

 240 240 240 212  96 107 240 233  66  64  64  64  71  69  64  62
 240 240 240 240 231 223 240 239  60  64  64 101 228 216 114  65
 240 240 240 240 240 240 240 240  59  63  73 113 240 240 121  68
  59 148 240 207 106  82  78  91  61  96 227 213 129 146  93  64
  64 137 240 205  64  65  70  69  61  84 240 240  65  62  64  70
 218 224 240 203  63 101 208 202  69  50 118 113  53  64  60  66
 240 240 240 204  65  93 240 240  72  63  62  63  65  66  63  65
 240 183 108 158 218 225 240 240  73  73 193 199 176 157  93  72
 240 146  66 133 240 240 240 240  76  51 240 240 240 240 107  66
 240 221 204 217 240 240 240 240 189 175 177 174 153 163 159 145
 240 240 240 240 240 240 240 240 240 240  95  59  54  49 224 240
 151 157 163 198 240 233 182 205 240 231 112  68  68  64 210 240
  59  58  59 120 240 240  55  69 240 228 116  67  65  65 199 240
 153 117  65 124 240 240 121 154 212 215 146 124 123 123 195 240
 240 149  64 117 240 240 240 201  76 105 240 240 240 240 126  58
 235 141  63 105 239 240 240 197  74 108 240 240 240 240 115  73
 240 240 240 199  98 143 240 216  67  48  52  53  58  62  58  54
 240 240 240 238 240 240 240 216  67  53  48  88 240 234 106  56
 240 240 240 240 240 240 240 217  63  52  66  91 240 240 110  59
  31 152 240 179  29  31  49  53  49 101 239 226 112  91  52  49
  54 168 240 186  51  53  66  59  49  92 240 240  86  48  53  52
 240 239 240 185  53 126 231 230  59  52  61  77  54  51  51  55
 240 240 240 185  56 122 240 228  61  49  56  54  53  54  55  58
 240 165  64 143 233 238 240 230  61  83 226 221 212 204 108  56
 240 177  52 141 240 240 240 233  65  82 240 240 240 240 120  63
 240 233 219 227 240 240 240 237 205 204 124 138 130 145 180 159
 240 240 240 240 240 240 240 240 240 240  69  49  46  48 231 240
 128 134 125 183 240 211 120 136 240 236  87  59  62  63 228 240
  45  41  48 138 240 213  44  82 240 233  90  63  62  68 227 240
 166 133  49 140 240 227 151 173 190 206 165 157 152 136 227 240
 240 178  49 135 240 240 240 224  52  64 240 240 240 237  97  39
 236 163  49 127 240 240 240 219  66  77 240 240 240 240 118  62
 240 240 240 162  99 163 240 200  71  48  49  47  59  61  60  52
 240 240 240 240 240 240 240 198  69  52  54  68 240 236  89  55
 240 240 240 240 240 240 240 197  64  55  69  64 240 240  74  49
  30 170 240 166  34  33  49  48  45 106 240 221 108  87  42  49
  60 192 240 147  51  53  68  59  47 105 240 240  94  46  52  53
 240 240 240 148  55 138 232 213  56  52  64  81  53  50  50  53
 240 240 240 149  56 149 240 199  54  50  56  53  53  57  55  52
 240 166  61 141 232 240 240 199  53  88 225 224 212 205 108  58
 240 182  55 155 240 240 240 200  56 101 240 240 240 240 128  61
 240 235 221 228 240 240 240 231 203 208 131 141 131 144 184 158
 240 240 240 240 240 240 240 240 240 240  57  45  41  46 240 240
 128 134 124 182 240 211 120 141 240 240  67  58  61  65 240 240
  46  45  44 150 240 196  37  85 240 240  65  62  63  65 240 240
 170 136  51 152 240 212 154 165 188 205 157 157 153 146 240 240
 240 193  49 149 240 240 240 234  40  39 237 236 231 237  89  34
 232 175  51 144 236 239 240 238  55  46 240 240 240 240 110  60

  62  65  68  64  70  66  65  72  66 145 240 240 240 240  58  73
  64 114 121  93  64  60  63  93 107 159 224 210 199 195 126 115
  69 216 240 146  62  64  66 157 240 163  49  64  65 123 240 240
  71 228 240 129  65  53  65 176 240 153  54  68  65 123 240 240
  64 101 113 213 240 113  63 199 240 174  59  68  67 124 240 240
  64  64  73 227 240 118  62 193 240 177  95 112 116 146 240 240
  64  64  63  96  84  50  63  73  51 175 240 231 228 215 105 108
  66  60  59  61  61  69  72  73  76 189 240 240 240 212  76  74
 233 239 240  91  69 202 240 240 240 240 240 205  69 154 201 197
 240 240 240  78  70 208 240 240 240 240 240 182  55 121 240 240
 107 223 240  82  65 101  93 225 240 240 240 233 240 240 240 240
  96 231 240 106  64  63  65 218 240 240 240 240 240 240 240 239
 212 240 240 207 205 203 204 158 133 217 240 198 120 124 117 105
 240 240 240 240 240 240 240 108  66 204 240 163  59  65  64  63
 240 240 240 148 137 224 240 183 146 221 240 157  58 117 149 141
 240 240 240  59  64 218 240 240 240 240 240 151  59 153 240 235
  54  56  59  49  52  55  58  56  63 159 240 240 240 240  39  62
  58 106 110  52  53  51  55 108 120 180 231 228 227 227  97 118
  62 234 240  91  48  51  54 204 240 145  48  63  68 136 237 240
  58 240 240 112  86  54  53 212 240 130  46  62  62 152 240 240
  53  88  91 226 240  77  54 221 240 138  49  59  63 157 240 240
  52  48  66 239 240  61  56 226 240 124  69  87  90 165 240 240
  48  53  52 101  92  52  49  83  82 204 240 236 233 206  64  77
  67  67  63  49  49  59  61  61  65 205 240 240 240 190  52  66
 216 216 217  53  59 230 228 230 233 237 240 136  82 173 224 219
 240 240 240  49  66 231 240 240 240 240 240 120  44 151 240 240
 143 240 240  31  53 126 122 238 240 240 240 211 213 227 240 240
  98 240 240  29  51  53  56 233 240 240 240 240 240 240 240 240
 199 238 240 179 186 185 185 143 141 227 240 183 138 140 135 127
 240 240 240 240 240 240 240  64  52 219 240 125  48  49  49  49
 240 240 240 152 168 239 240 165 177 233 240 134  41 133 178 163
 240 240 240  31  54 240 240 240 240 240 240 128  45 166 240 236
  52  55  49  49  53  53  52  58  61 158 240 240 240 240  34  60
  60  89  74  42  52  50  55 108 128 184 240 240 240 240  89 110
  61 236 240  87  46  50  57 205 240 144  46  65  65 146 237 240
  59 240 240 108  94  53  53 212 240 131  41  61  63 153 231 240
  47  68  64 221 240  81  53 224 240 141  45  58  62 157 236 240
  49  54  69 240 240  64  56 225 240 131  57  67  65 157 237 240
  48  52  55 106 105  52  50  88 101 208 240 240 240 205  39  46
  71  69  64  45  47  56  54  53  56 203 240 240 240 188  40  55
 200 198 197  48  59 213 199 199 200 231 240 141  85 165 234 238
 240 240 240  49  68 232 240 240 240 240 240 120  37 154 240 240
 163 240 240  33  53 138 149 240 240 240 240 211 196 212 240 239
  99 240 240  34  51  55  56 232 240 240 240 240 240 240 240 236
 162 240 240 166 147 148 149 141 155 228 240 182 150 152 149 144
 240 240 240 240 240 240 240  61  55 221 240 124  44  51  49  51
 240 240 240 170 192 240 240 166 182 235 240 134  45 136 193 175
 240 240 240  30  60 240 240 240 240 240 240 128  46 170 240 232

  73 115 240 240 240 240 108  74 197 240 240 239 105  63 141 235
  58 126 240 240 240 240 105  76 201 240 240 240 117  64 149 240
 240 195 123 123 124 146 215 212 154 121 240 240 124  65 117 153
 240 199  65  65  67 116 228 240  69  55 240 240 120  59  58  59
 240 210  64  68  68 112 231 240 205 182 233 240 198 163 157 151
 240 224  49  54  59  95 240 240 240 240 240 240 240 240 240 240
 145 159 163 153 174 177 175 189 240 240 240 240 217 204 221 240
  66 107 240 240 240 240  51  76 240 240 240 240 133  66 146 240
  72  93 157 176 199 193  73  73 240 240 225 218 158 108 183 240
  65  63  66  65  63  62  63  72 240 240  93  65 204 240 240 240
  66  60  64  53 113 118  50  69 202 208 101  63 203 240 224 218
  70  64  62  65 240 240  84  61  69  70  65  64 205 240 137  64
  64  93 146 129 213 227  96  61  91  78  82 106 207 240 148  59
  68 121 240 240 113  73  63  59 240 240 240 240 240 240 240 240
  65 114 216 228 101  64  64  60 239 240 223 231 240 240 240 240
  62  64  69  71  64  64  64  66 233 240 107  96 212 240 240 240
  62 118 240 240 240 240  77  66 219 240 240 240 127  49 163 236
  39  97 237 240 240 240  64  52 224 240 240 240 135  49 178 240
 240 227 136 152 157 165 206 190 173 151 227 240 140  49 133 166
 240 227  68  62  63  90 233 240  82  44 213 240 138  48  41  45
 240 228  63  62  59  87 236 240 136 120 211 240 183 125 134 128
 240 231  48  46  49  69 240 240 240 240 240 240 240 240 240 240
 159 180 145 130 138 124 204 205 237 240 240 240 227 219 233 240
  63 120 240 240 240 240  82  65 233 240 240 240 141  52 177 240
  56 108 204 212 221 226  83  61 230 240 238 233 143  64 165 240
  58  55  54  53  54  56  49  61 228 240 122  56 185 240 240 240
  55  51  51  54  77  61  52  59 230 231 126  53 185 240 239 240
  52  53  48  86 240 240  92  49  59  66  53  51 186 240 168  54
  49  52  91 112 226 239 101  49  53  49  31  29 179 240 152  31
  59 110 240 240  91  66  52  63 217 240 240 240 240 240 240 240
  56 106 234 240  88  48  53  67 216 240 240 240 238 240 240 240
  54  58  62  58  53  52  48  67 216 240 143  98 199 240 240 240
  60 110 240 240 240 240  46  55 238 240 239 236 144  51 175 232
  34  89 237 231 236 237  39  40 234 240 240 240 149  49 193 240
 240 240 146 153 157 157 205 188 165 154 212 240 152  51 136 170
 240 240  65  63  62  65 240 240  85  37 196 240 150  44  45  46
 240 240  65  61  58  67 240 240 141 120 211 240 182 124 134 128
 240 240  46  41  45  57 240 240 240 240 240 240 240 240 240 240
 158 184 144 131 141 131 208 203 231 240 240 240 228 221 235 240
  61 128 240 240 240 240 101  56 200 240 240 240 155  55 182 240
  58 108 205 212 224 225  88  53 199 240 240 232 141  61 166 240
  52  55  57  53  53  56  50  54 199 240 149  56 149 240 240 240
  53  50  50  53  81  64  52  56 213 232 138  55 148 240 240 240
  53  52  46  94 240 240 105  47  59  68  53  51 147 240 192  60
  49  42  87 108 221 240 106  45  48  49  33  34 166 240 170  30
  49  74 240 240  64  69  55  64 197 240 240 240 240 240 240 240
  55  89 236 240  68  54  52  69 198 240 240 240 240 240 240 240
  52  60  61  59  47  49  48  71 200 240 163  99 162 240 240 240

