 229 240 240 240 172  58 138 240 240 240 240 240 221  74 100 240
 233 240 191 171 178 148 193 240 222 153 178 240 230 165 164 178
 238 240 150  50 172 240 240 240 206  70  94 240 240 240 219  85
 202 209 174 153 208 240 224 197 194 119 142 182 201 240 229 151
  61  40 203 240 240 240 186  67 121 240 217  75  87 240 240 240
 124  95 213 240 240 240 211 155 173 240 228 104 108 226 227 240
 236 240 240 240 157  70 161 240 240 240 240 240 220  80  69 240
 240 240 220 202 155  61 140 237 240 240 235 240 218 115 102 198
  75  85  90  94  87  62  60  65  68  62  94 240 240 240 222  95
  66  66  65  61  67  61  64  66  95 110 119 240 240 240 222  92
  67  66  62  64  63  66  67  62 149 240 240 240 236  89 104 240
  66  68  66  69  65  68  64  62 140 240 240 240 214  73  98 240
  66  65  67  65  66  66  68  60 116 240 220  81 120 240 240 240
  66  68  62  68  67  68  68  64 137 240 225  79 123 240 240 240
  67  68  73  64  68  64  66  62  71 109 143 194 212 240 227 145
  67  69  64  68  66  65  67  65  63  59  96 240 240 240 223  83
 231 240 240 240 188  41 106 240 240 240 240 240 240  62  58 240
 235 240 214 184 162 152 177 240 240 172 180 240 240 163 143 180
 240 240 158  42 136 240 240 240 239  58  59 240 240 240 240  85
 148 198 185 142 183 240 234 195 186 144 142 188 182 240 237 168
  57  35 180 240 240 240 207  58  70 240 240  67  30 240 240 240
  97 103 185 240 229 217 195 133 131 240 240 139 118 210 201 240
 214 240 240 240 199  58 118 240 240 240 240 240 240  79  39 240
 212 236 229 226 197  49 113 234 223 225 222 240 240 123  82 218
  67  71  76  77  72  52  56  69  69  66  68 240 240 240 240  89
  53  55  52  57  58  53  55  55  67  94  82 240 240 240 240 135
  50  55  58  57  54  50  51  48  75 240 240 240 240 104  49 240
  50  55  54  51  50  49  52  46  73 240 240 240 240  92  23 240
  48  56  52  50  56  53  51  48  94 240 240 106  89 240 240 240
  53  52  52  50  52  49  51  45 107 240 239  71  68 240 240 240
  55  49  55  51  55  52  54  48  55 112 123 226 222 240 240 134
  54  53  48  50  50  51  50  50  53  52  74 240 240 240 240  87
 228 240 240 240 191  41 107 240 240 240 240 240 236  66  58 240
 233 240 221 201 173 162 180 240 239 192 188 240 239 162 140 175
 237 240 153  43 141 240 240 240 232  60  58 240 240 240 239  85
 132 177 185 119 184 240 235 169 177 155 139 195 189 240 237 168
  57  34 180 240 240 240 208  60  76 240 240  66  33 240 240 240
  88 108 186 240 220 196 185 106 130 240 238 154 120 195 196 240
 216 240 240 240 200  54 118 240 240 240 240 240 240  88  44 240
 199 224 236 240 199  53 118 240 196 198 211 240 240 118  72 239
  57  62  62  61  69  55  57  74  73  75  68 240 240 240 240  86
  58  54  53  55  57  52  57  57  47  61  73 240 240 240 240 146
  55  57  55  58  54  58  53  50  76 240 240 240 240 115  53 239
  53  57  58  56  52  49  55  50  78 240 240 240 240 102  29 240
  51  56  56  53  55  55  54  48  96 240 236 122  91 240 239 240
  57  56  53  49  54  50  53  50 105 240 239  63  64 240 240 240
  56  51  52  52  56  52  55  49  47 116 121 240 235 240 240 123
  57  58  49  52  52  51  50  54  52  53  75 240 240 240 238  90

 240 178  85 151 240 240 240 198  95  92 240 240 240 240 145  83
 100 164 219 229 240 227  69 102 222 222 104  98 240 240 227 223
  74 165 240 240 240 226  80 115 240 240  89  73 240 240 240 240
 221 230 240 201  87 108 220 218 240 240 236 214 120 123 212 240
 240 240 240 182  75 104 240 240 240 240 240 240  81  79 194 240
 240 178  94 142 217 228 240 235  94 119 240 240 220 225 143  96
 240 153  70 119 240 240 240 240  62 110 240 240 240 240 109  59
 240 222 206 194 121 173 240 240  68  95 149 140 116 137  71  63
 240 240 240 197  67 155 240 237  65  66  62  62  60  64  62  65
 138 193 240 224 186 211 161 140  60  64  67  64  68  68  66  67
  58 148 240 240 240 240  70  61  62  61  66  68  66  68  64  65
 172 178 172 208 240 240 157 155  87  67  63  65  66  67  68  66
 240 171  50 153 240 240 240 202  94  61  64  69  65  68  64  68
 240 191 150 174 203 213 240 220  90  65  62  66  67  62  73  64
 240 240 240 209  40  95 240 240  85  66  66  68  65  68  68  69
 229 233 238 202  61 124 236 240  75  66  67  66  66  66  67  67
 240 180  85 168 240 240 240 218  89 135 240 240 240 240 134  87
  58 143 240 237 240 201  39  82 240 240  49  23 240 240 240 240
  62 163 240 240 240 210  79 123 240 240 104  92 240 240 240 240
 240 240 240 182  30 118 240 240 240 240 240 240  89  68 222 240
 240 240 240 188  67 139 240 240 240 240 240 240 106  71 226 240
 240 180  59 142 240 240 240 222  68  82 240 240 240 239 123  74
 240 172  58 144 240 240 240 225  66  94 240 240 240 240 112  52
 240 240 239 186  70 131 240 223  69  67  75  73  94 107  55  53
 240 240 240 195  58 133 240 234  69  55  48  46  48  45  48  50
 106 177 240 234 207 195 118 113  56  55  51  52  51  51  54  50
  41 152 240 240 240 217  58  49  52  53  50  49  53  49  52  51
 188 162 136 183 240 229 199 197  72  58  54  50  56  52  55  50
 240 184  42 142 240 240 240 226  77  57  57  51  50  50  51  50
 240 214 158 185 180 185 240 229  76  52  58  54  52  52  55  48
 240 240 240 198  35 103 240 236  71  55  55  55  56  52  49  53
 231 235 240 148  57  97 214 212  67  53  50  50  48  53  55  54
 240 175  85 168 240 240 240 239  86 146 239 240 240 240 123  90
  58 140 239 237 240 196  44  72 240 240  53  29 239 240 240 238
  66 162 240 240 240 195  88 118 240 240 115 102 240 240 240 240
 236 239 240 189  33 120 240 240 240 240 240 240  91  64 235 240
 240 240 240 195  66 154 240 240 240 240 240 240 122  63 240 240
 240 188  58 139 240 238 240 211  68  73 240 240 236 239 121  75
 240 192  60 155 240 240 240 198  75  61 240 240 240 240 116  53
 240 239 232 177  76 130 240 196  73  47  76  78  96 105  47  52
 240 240 240 169  60 106 240 240  74  57  50  50  48  50  49  54
 107 180 240 235 208 185 118 118  57  57  53  55  54  53  55  50
  41 162 240 240 240 196  54  53  55  52  58  49  55  50  52  51
 191 173 141 184 240 220 200 199  69  57  54  52  55  54  56  52
 240 201  43 119 240 240 240 240  61  55  58  56  53  49  52  52
 240 221 153 185 180 186 240 236  62  53  55  58  56  53  52  49
 240 240 240 177  34 108 240 224  62  54  57  57  56  56  51  58
 228 233 237 132  57  88 216 199  57  58  55  53  51  57  56  57

  83 223 240 240 240  96  59  63  65  67  65  66  68  64  69  67
 145 227 240 212 194 143 109  71  62  66  64  68  64  73  68  67
 240 240 240 123  79 225 240 137  64  68  68  67  68  62  68  66
 240 240 240 120  81 220 240 116  60  68  66  66  65  67  65  66
 240  98  73 214 240 240 240 140  62  64  68  65  69  66  68  66
 240 104  89 236 240 240 240 149  62  67  66  63  64  62  66  67
  92 222 240 240 240 119 110  95  66  64  61  67  61  65  66  66
  95 222 240 240 240  94  62  68  65  60  62  87  94  90  85  75
 198 102 115 218 240 235 240 240 237 140  61 155 202 220 240 240
 240  69  80 220 240 240 240 240 240 161  70 157 240 240 240 236
 240 227 226 108 104 228 240 173 155 211 240 240 240 213  95 124
 240 240 240  87  75 217 240 121  67 186 240 240 240 203  40  61
 151 229 240 201 182 142 119 194 197 224 240 208 153 174 209 202
  85 219 240 240 240  94  70 206 240 240 240 172  50 150 240 238
 178 164 165 230 240 178 153 222 240 193 148 178 171 191 240 233
 240 100  74 221 240 240 240 240 240 138  58 172 240 240 240 229
  87 240 240 240 240  74  52  53  50  50  51  50  50  48  53  54
 134 240 240 222 226 123 112  55  48  54  52  55  51  55  49  55
 240 240 240  68  71 239 240 107  45  51  49  52  50  52  52  53
 240 240 240  89 106 240 240  94  48  51  53  56  50  52  56  48
 240  23  92 240 240 240 240  73  46  52  49  50  51  54  55  50
 240  49 104 240 240 240 240  75  48  51  50  54  57  58  55  50
 135 240 240 240 240  82  94  67  55  55  53  58  57  52  55  53
  89 240 240 240 240  68  66  69  69  56  52  72  77  76  71  67
 218  82 123 240 240 222 225 223 234 113  49 197 226 229 236 212
 240  39  79 240 240 240 240 240 240 118  58 199 240 240 240 214
 240 201 210 118 139 240 240 131 133 195 217 229 240 185 103  97
 240 240 240  30  67 240 240  70  58 207 240 240 240 180  35  57
 168 237 240 182 188 142 144 186 195 234 240 183 142 185 198 148
  85 240 240 240 240  59  58 239 240 240 240 136  42 158 240 240
 180 143 163 240 240 180 172 240 240 177 152 162 184 214 240 235
 240  58  62 240 240 240 240 240 240 106  41 188 240 240 240 231
  90 238 240 240 240  75  53  52  54  50  51  52  52  49  58  57
 123 240 240 235 240 121 116  47  49  55  52  56  52  52  51  56
 240 240 240  64  63 239 240 105  50  53  50  54  49  53  56  57
 240 239 240  91 122 236 240  96  48  54  55  55  53  56  56  51
 240  29 102 240 240 240 240  78  50  55  49  52  56  58  57  53
 239  53 115 240 240 240 240  76  50  53  58  54  58  55  57  55
 146 240 240 240 240  73  61  47  57  57  52  57  55  53  54  58
  86 240 240 240 240  68  75  73  74  57  55  69  61  62  62  57
 239  72 118 240 240 211 198 196 240 118  53 199 240 236 224 199
 240  44  88 240 240 240 240 240 240 118  54 200 240 240 240 216
 240 196 195 120 154 238 240 130 106 185 196 220 240 186 108  88
 240 240 240  33  66 240 240  76  60 208 240 240 240 180  34  57
 168 237 240 189 195 139 155 177 169 235 240 184 119 185 177 132
  85 239 240 240 240  58  60 232 240 240 240 141  43 153 240 237
 175 140 162 239 240 188 192 239 240 180 162 173 201 221 240 233
 240  58  66 236 240 240 240 240 240 107  41 191 240 240 240 228

  67  67  66  66  66  67  66  75 240 236 124  61 202 238 233 229
  69  68  68  65  68  66  66  85 240 240  95  40 209 240 240 240
  64  73  62  67  66  62  65  90 220 240 213 203 174 150 191 240
  68  64  68  65  69  64  61  94 202 240 240 240 153  50 171 240
  66  68  67  66  65  63  67  87 155 157 240 240 208 172 178 172
  65  64  68  66  68  66  61  62  61  70 240 240 240 240 148  58
  67  66  68  68  64  67  64  60 140 161 211 186 224 240 193 138
  65  62  64  60  62  62  66  65 237 240 155  67 197 240 240 240
  63  71 137 116 140 149  95  68 240 240 173 121 194 206 222 240
  59 109 240 240 240 240 110  62 240 240 240 240 119  70 153 240
  96 143 225 220 240 240 119  94 235 240 228 217 142  94 178 240
 240 194  79  81 240 240 240 240 240 240 104  75 182 240 240 240
 240 212 123 120 214 236 240 240 218 220 108  87 201 240 230 221
 240 240 240 240  73  89 240 240 115  80 226 240 240 240 165  74
 223 227 240 240  98 104 222 222 102  69 227 240 229 219 164 100
  83 145 240 240 240 240  92  95 198 240 240 240 151  85 178 240
  54  55  53  48  50  50  53  67 212 214  97  57 148 240 235 231
  53  49  52  56  55  55  55  71 236 240 103  35 198 240 240 240
  48  55  52  52  54  58  52  76 229 240 185 180 185 158 214 240
  50  51  50  50  51  57  57  77 226 240 240 240 142  42 184 240
  50  55  52  56  50  54  58  72 197 199 229 240 183 136 162 188
  51  52  49  53  49  50  53  52  49  58 217 240 240 240 152  41
  50  54  51  51  52  51  55  56 113 118 195 207 234 240 177 106
  50  48  45  48  46  48  55  69 234 240 133  58 195 240 240 240
  53  55 107  94  73  75  67  69 223 240 131  70 186 239 240 240
  52 112 240 240 240 240  94  66 225 240 240 240 144  58 172 240
  74 123 239 240 240 240  82  68 222 240 240 240 142  59 180 240
 240 226  71 106 240 240 240 240 240 240 139  67 188 240 240 240
 240 222  68  89 240 240 240 240 240 240 118  30 182 240 240 240
 240 240 240 240  92 104 240 240 123  79 210 240 240 240 163  62
 240 240 240 240  23  49 240 240  82  39 201 240 237 240 143  58
  87 134 240 240 240 240 135  89 218 240 240 240 168  85 180 240
  57  56  57  51  53  55  58  57 199 216  88  57 132 237 233 228
  58  51  56  56  57  57  54  62 224 240 108  34 177 240 240 240
  49  52  53  56  58  55  53  62 236 240 186 180 185 153 221 240
  52  52  49  53  56  58  55  61 240 240 240 240 119  43 201 240
  52  56  54  55  52  54  57  69 199 200 220 240 184 141 173 191
  51  52  50  55  49  58  52  55  53  54 196 240 240 240 162  41
  50  55  53  54  55  53  57  57 118 118 185 208 235 240 180 107
  54  49  50  48  50  50  57  74 240 240 106  60 169 240 240 240
  52  47 105  96  78  76  47  73 196 240 130  76 177 232 239 240
  53 116 240 240 240 240  61  75 198 240 240 240 155  60 192 240
  75 121 239 236 240 240  73  68 211 240 238 240 139  58 188 240
 240 240  63 122 240 240 240 240 240 240 154  66 195 240 240 240
 240 235  64  91 240 240 240 240 240 240 120  33 189 240 239 236
 240 240 240 240 102 115 240 240 118  88 195 240 240 240 162  66
 238 240 240 239  29  53 240 240  72  44 196 240 237 239 140  58
  90 123 240 240 240 239 146  86 239 240 240 240 168  85 175 240

